-1.000000000000000000e+00 0.000000000000000000e+00 0.000000000000000000e+00
-1.000000000000000000e+00 2.685121926145122087e-02 0.000000000000000000e+00
-1.000000000000000000e+00 5.370243852290244174e-02 0.000000000000000000e+00
-1.000000000000000000e+00 8.055365778435366608e-02 0.000000000000000000e+00
-1.000000000000000000e+00 1.074048770458048835e-01 0.000000000000000000e+00
-1.000000000000000000e+00 1.342560963072561009e-01 0.000000000000000000e+00
-1.000000000000000000e+00 1.611073155687073322e-01 0.000000000000000000e+00
-1.000000000000000000e+00 1.879585348301585357e-01 0.000000000000000000e+00
-1.000000000000000000e+00 2.148097540916097670e-01 0.000000000000000000e+00
-1.000000000000000000e+00 2.416609733530609982e-01 0.000000000000000000e+00
-1.000000000000000000e+00 2.685121926145122018e-01 0.000000000000000000e+00
-1.000000000000000000e+00 2.953634118759634331e-01 0.000000000000000000e+00
-1.000000000000000000e+00 3.222146311374146643e-01 0.000000000000000000e+00
-1.000000000000000000e+00 3.490658503988658956e-01 0.000000000000000000e+00
-1.000000000000000000e+00 3.759170696603170714e-01 0.000000000000000000e+00
-1.000000000000000000e+00 4.027682889217683027e-01 0.000000000000000000e+00
-1.000000000000000000e+00 4.296195081832195339e-01 0.000000000000000000e+00
-1.000000000000000000e+00 4.564707274446707652e-01 0.000000000000000000e+00
-1.000000000000000000e+00 4.833219467061219965e-01 0.000000000000000000e+00
-1.000000000000000000e+00 5.101731659675732278e-01 0.000000000000000000e+00
-1.000000000000000000e+00 5.370243852290244035e-01 0.000000000000000000e+00
-1.000000000000000000e+00 5.638756044904756903e-01 0.000000000000000000e+00
-1.000000000000000000e+00 5.907268237519268661e-01 0.000000000000000000e+00
-1.000000000000000000e+00 6.175780430133780419e-01 0.000000000000000000e+00
-1.000000000000000000e+00 6.444292622748293287e-01 0.000000000000000000e+00
-1.000000000000000000e+00 6.712804815362805044e-01 0.000000000000000000e+00
-1.000000000000000000e+00 6.981317007977317912e-01 0.000000000000000000e+00
-1.000000000000000000e+00 7.249829200591829670e-01 0.000000000000000000e+00
-1.000000000000000000e+00 7.518341393206341428e-01 0.000000000000000000e+00
-1.000000000000000000e+00 7.786853585820854295e-01 0.000000000000000000e+00
-1.000000000000000000e+00 8.055365778435366053e-01 0.000000000000000000e+00
-1.000000000000000000e+00 8.323877971049878921e-01 0.000000000000000000e+00
-1.000000000000000000e+00 8.592390163664390679e-01 0.000000000000000000e+00
-1.000000000000000000e+00 8.860902356278902436e-01 0.000000000000000000e+00
-1.000000000000000000e+00 9.129414548893415304e-01 0.000000000000000000e+00
-1.000000000000000000e+00 9.397926741507927062e-01 0.000000000000000000e+00
-1.000000000000000000e+00 9.666438934122439930e-01 0.000000000000000000e+00
-1.000000000000000000e+00 9.934951126736951688e-01 0.000000000000000000e+00
-1.000000000000000000e+00 1.020346331935146456e+00 0.000000000000000000e+00
-1.000000000000000000e+00 1.047197551196597631e+00 0.000000000000000000e+00
-9.166666666666666297e-01 0.000000000000000000e+00 1.093134586911908568e-01
-9.166666666666666297e-01 2.685121926145122087e-02 1.091570157726495377e-01
-9.166666666666666297e-01 5.370243852290244174e-02 1.087219872543553068e-01
-9.166666666666666297e-01 8.055365778435366608e-02 1.080876755845475157e-01
-9.166666666666666297e-01 1.074048770458048835e-01 1.073372187280804135e-01
-9.166666666666666297e-01 1.342560963072561009e-01 1.065354666723736243e-01
-9.166666666666666297e-01 1.611073155687073322e-01 1.057265306123776338e-01
-9.166666666666666297e-01 1.879585348301585357e-01 1.049386632472069231e-01
-9.166666666666666297e-01 2.148097540916097670e-01 1.041895265724844949e-01
-9.166666666666666297e-01 2.416609733530609982e-01 1.034900480538056000e-01
-9.166666666666666297e-01 2.685121926145122018e-01 1.028469317127634342e-01
-9.166666666666666297e-01 2.953634118759634331e-01 1.022642340829543889e-01
-9.166666666666666297e-01 3.222146311374146643e-01 1.017443482483245815e-01
-9.166666666666666297e-01 3.490658503988658956e-01 1.012886233660584834e-01
-9.166666666666666297e-01 3.759170696603170714e-01 1.008977598919225255e-01
-9.166666666666666297e-01 4.027682889217683027e-01 1.005720652373818941e-01
-9.166666666666666297e-01 4.296195081832195339e-01 1.003116210835985067e-01
-9.166666666666666297e-01 4.564707274446707652e-01 1.001163935863064319e-01
-9.166666666666666297e-01 4.833219467061219965e-01 9.998630569325518691e-02
-9.166666666666666297e-01 5.101731659675732278e-01 9.992128343986809991e-02
-9.166666666666666297e-01 5.370243852290244035e-01 9.992128343986809991e-02
-9.166666666666666297e-01 5.638756044904756903e-01 9.998630569325518691e-02
-9.166666666666666297e-01 5.907268237519268661e-01 1.001163935863064319e-01
-9.166666666666666297e-01 6.175780430133780419e-01 1.003116210835985067e-01
-9.166666666666666297e-01 6.444292622748293287e-01 1.005720652373818941e-01
-9.166666666666666297e-01 6.712804815362805044e-01 1.008977598919225255e-01
-9.166666666666666297e-01 6.981317007977317912e-01 1.012886233660584834e-01
-9.166666666666666297e-01 7.249829200591829670e-01 1.017443482483245815e-01
-9.166666666666666297e-01 7.518341393206341428e-01 1.022642340829543889e-01
-9.166666666666666297e-01 7.786853585820854295e-01 1.028469317127634342e-01
-9.166666666666666297e-01 8.055365778435366053e-01 1.034900480538056000e-01
-9.166666666666666297e-01 8.323877971049878921e-01 1.041895265724844949e-01
-9.166666666666666297e-01 8.592390163664390679e-01 1.049386632472069231e-01
-9.166666666666666297e-01 8.860902356278902436e-01 1.057265306123776200e-01
-9.166666666666666297e-01 9.129414548893415304e-01 1.065354666723736243e-01
-9.166666666666666297e-01 9.397926741507927062e-01 1.073372187280804135e-01
-9.166666666666666297e-01 9.666438934122439930e-01 1.080876755845475157e-01
-9.166666666666666297e-01 9.934951126736951688e-01 1.087219872543553068e-01
-9.166666666666666297e-01 1.020346331935146456e+00 1.091570157726495377e-01
-9.166666666666666297e-01 1.047197551196597631e+00 1.093134586911908845e-01
-8.333333333333333703e-01 0.000000000000000000e+00 1.511945218476990482e-01
-8.333333333333333703e-01 2.685121926145122087e-02 1.509781412432564252e-01
-8.333333333333333703e-01 5.370243852290244174e-02 1.503764410537178353e-01
-8.333333333333333703e-01 8.055365778435366608e-02 1.494991067275766028e-01
-8.333333333333333703e-01 1.074048770458048835e-01 1.484611287243244315e-01
-8.333333333333333703e-01 1.342560963072561009e-01 1.473522028870636602e-01
-8.333333333333333703e-01 1.611073155687073322e-01 1.462333406512435485e-01
-8.333333333333333703e-01 1.879585348301585357e-01 1.451436191203119563e-01
-8.333333333333333703e-01 2.148097540916097670e-01 1.441074670975934502e-01
-8.333333333333333703e-01 2.416609733530609982e-01 1.431399986683568049e-01
-8.333333333333333703e-01 2.685121926145122018e-01 1.422504863535831721e-01
-8.333333333333333703e-01 2.953634118759634331e-01 1.414445408590796205e-01
-8.333333333333333703e-01 3.222146311374146643e-01 1.407254721266164021e-01
-8.333333333333333703e-01 3.490658503988658956e-01 1.400951462134736036e-01
-8.333333333333333703e-01 3.759170696603170714e-01 1.395545319397393513e-01
-8.333333333333333703e-01 4.027682889217683027e-01 1.391040544948646818e-01
-8.333333333333333703e-01 4.296195081832195339e-01 1.387438268543638997e-01
-8.333333333333333703e-01 4.564707274446707652e-01 1.384738022072800889e-01
-8.333333333333333703e-01 4.833219467061219965e-01 1.382938739804766559e-01
-8.333333333333333703e-01 5.101731659675732278e-01 1.382039398714654810e-01
-8.333333333333333703e-01 5.370243852290244035e-01 1.382039398714654810e-01
-8.333333333333333703e-01 5.638756044904756903e-01 1.382938739804766559e-01
-8.333333333333333703e-01 5.907268237519268661e-01 1.384738022072800889e-01
-8.333333333333333703e-01 6.175780430133780419e-01 1.387438268543638997e-01
-8.333333333333333703e-01 6.444292622748293287e-01 1.391040544948646818e-01
-8.333333333333333703e-01 6.712804815362805044e-01 1.395545319397393513e-01
-8.333333333333333703e-01 6.981317007977317912e-01 1.400951462134736036e-01
-8.333333333333333703e-01 7.249829200591829670e-01 1.407254721266164021e-01
-8.333333333333333703e-01 7.518341393206341428e-01 1.414445408590796205e-01
-8.333333333333333703e-01 7.786853585820854295e-01 1.422504863535831721e-01
-8.333333333333333703e-01 8.055365778435366053e-01 1.431399986683568049e-01
-8.333333333333333703e-01 8.323877971049878921e-01 1.441074670975934502e-01
-8.333333333333333703e-01 8.592390163664390679e-01 1.451436191203119563e-01
-8.333333333333333703e-01 8.860902356278902436e-01 1.462333406512435208e-01
-8.333333333333333703e-01 9.129414548893415304e-01 1.473522028870636602e-01
-8.333333333333333703e-01 9.397926741507927062e-01 1.484611287243244315e-01
-8.333333333333333703e-01 9.666438934122439930e-01 1.494991067275766028e-01
-8.333333333333333703e-01 9.934951126736951688e-01 1.503764410537178353e-01
-8.333333333333333703e-01 1.020346331935146456e+00 1.509781412432564252e-01
-8.333333333333333703e-01 1.047197551196597631e+00 1.511945218476990760e-01
-7.500000000000000000e-01 0.000000000000000000e+00 1.809172561066826612e-01
-7.500000000000000000e-01 2.685121926145122087e-02 1.806583380933045324e-01
-7.500000000000000000e-01 5.370243852290244174e-02 1.799383520385197388e-01
-7.500000000000000000e-01 8.055365778435366608e-02 1.788885460201934674e-01
-7.500000000000000000e-01 1.074048770458048835e-01 1.776465160183615388e-01
-7.500000000000000000e-01 1.342560963072561009e-01 1.763195908278766821e-01
-7.500000000000000000e-01 1.611073155687073322e-01 1.749807758814604375e-01
-7.500000000000000000e-01 1.879585348301585357e-01 1.736768302960832455e-01
-7.500000000000000000e-01 2.148097540916097670e-01 1.724369852370906397e-01
-7.500000000000000000e-01 2.416609733530609982e-01 1.712793260081164060e-01
-7.500000000000000000e-01 2.685121926145122018e-01 1.702149479784411112e-01
-7.500000000000000000e-01 2.953634118759634331e-01 1.692505648403800633e-01
-7.500000000000000000e-01 3.222146311374146643e-01 1.683901372240911576e-01
-7.500000000000000000e-01 3.490658503988658956e-01 1.676358980276895505e-01
-7.500000000000000000e-01 3.759170696603170714e-01 1.669890065277803703e-01
-7.500000000000000000e-01 4.027682889217683027e-01 1.664499715001305502e-01
-7.500000000000000000e-01 4.296195081832195339e-01 1.660189281296648167e-01
-7.500000000000000000e-01 4.564707274446707652e-01 1.656958204030450355e-01
-7.500000000000000000e-01 4.833219467061219965e-01 1.654805207963422897e-01
-7.500000000000000000e-01 5.101731659675732278e-01 1.653729068958261772e-01
-7.500000000000000000e-01 5.370243852290244035e-01 1.653729068958261772e-01
-7.500000000000000000e-01 5.638756044904756903e-01 1.654805207963422897e-01
-7.500000000000000000e-01 5.907268237519268661e-01 1.656958204030450355e-01
-7.500000000000000000e-01 6.175780430133780419e-01 1.660189281296648167e-01
-7.500000000000000000e-01 6.444292622748293287e-01 1.664499715001305502e-01
-7.500000000000000000e-01 6.712804815362805044e-01 1.669890065277803703e-01
-7.500000000000000000e-01 6.981317007977317912e-01 1.676358980276895505e-01
-7.500000000000000000e-01 7.249829200591829670e-01 1.683901372240911576e-01
-7.500000000000000000e-01 7.518341393206341428e-01 1.692505648403800633e-01
-7.500000000000000000e-01 7.786853585820854295e-01 1.702149479784411112e-01
-7.500000000000000000e-01 8.055365778435366053e-01 1.712793260081164060e-01
-7.500000000000000000e-01 8.323877971049878921e-01 1.724369852370906397e-01
-7.500000000000000000e-01 8.592390163664390679e-01 1.736768302960832455e-01
-7.500000000000000000e-01 8.860902356278902436e-01 1.749807758814603820e-01
-7.500000000000000000e-01 9.129414548893415304e-01 1.763195908278766821e-01
-7.500000000000000000e-01 9.397926741507927062e-01 1.776465160183615388e-01
-7.500000000000000000e-01 9.666438934122439930e-01 1.788885460201934674e-01
-7.500000000000000000e-01 9.934951126736951688e-01 1.799383520385197388e-01
-7.500000000000000000e-01 1.020346331935146456e+00 1.806583380933045324e-01
-7.500000000000000000e-01 1.047197551196597631e+00 1.809172561066826890e-01
-6.666666666666667407e-01 0.000000000000000000e+00 2.038706516698286786e-01
-6.666666666666667407e-01 2.685121926145122087e-02 2.035788841223188372e-01
-6.666666666666667407e-01 5.370243852290244174e-02 2.027675517522567750e-01
-6.666666666666667407e-01 8.055365778435366608e-02 2.015845543882193724e-01
-6.666666666666667407e-01 1.074048770458048835e-01 2.001849451341543851e-01
-6.666666666666667407e-01 1.342560963072561009e-01 1.986896698402281225e-01
-6.666666666666667407e-01 1.611073155687073322e-01 1.971809963092176488e-01
-6.666666666666667407e-01 1.879585348301585357e-01 1.957116160966630158e-01
-6.666666666666667407e-01 2.148097540916097670e-01 1.943144689942473691e-01
-6.666666666666667407e-01 2.416609733530609982e-01 1.930099348303896123e-01
-6.666666666666667407e-01 2.685121926145122018e-01 1.918105166698301223e-01
-6.666666666666667407e-01 2.953634118759634331e-01 1.907237799867357864e-01
-6.666666666666667407e-01 3.222146311374146643e-01 1.897541879056791336e-01
-6.666666666666667407e-01 3.490658503988658956e-01 1.889042566177833726e-01
-6.666666666666667407e-01 3.759170696603170714e-01 1.881752924797887860e-01
-6.666666666666667407e-01 4.027682889217683027e-01 1.875678688170341890e-01
-6.666666666666667407e-01 4.296195081832195339e-01 1.870821379656719963e-01
-6.666666666666667407e-01 4.564707274446707652e-01 1.867180368058208306e-01
-6.666666666666667407e-01 4.833219467061219965e-01 1.864754216342925652e-01
-6.666666666666667407e-01 5.101731659675732278e-01 1.863541545064404115e-01
-6.666666666666667407e-01 5.370243852290244035e-01 1.863541545064404115e-01
-6.666666666666667407e-01 5.638756044904756903e-01 1.864754216342925652e-01
-6.666666666666667407e-01 5.907268237519268661e-01 1.867180368058208306e-01
-6.666666666666667407e-01 6.175780430133780419e-01 1.870821379656719963e-01
-6.666666666666667407e-01 6.444292622748293287e-01 1.875678688170341890e-01
-6.666666666666667407e-01 6.712804815362805044e-01 1.881752924797887860e-01
-6.666666666666667407e-01 6.981317007977317912e-01 1.889042566177833726e-01
-6.666666666666667407e-01 7.249829200591829670e-01 1.897541879056791336e-01
-6.666666666666667407e-01 7.518341393206341428e-01 1.907237799867357864e-01
-6.666666666666667407e-01 7.786853585820854295e-01 1.918105166698301223e-01
-6.666666666666667407e-01 8.055365778435366053e-01 1.930099348303896123e-01
-6.666666666666667407e-01 8.323877971049878921e-01 1.943144689942473691e-01
-6.666666666666667407e-01 8.592390163664390679e-01 1.957116160966630158e-01
-6.666666666666667407e-01 8.860902356278902436e-01 1.971809963092176210e-01
-6.666666666666667407e-01 9.129414548893415304e-01 1.986896698402281225e-01
-6.666666666666667407e-01 9.397926741507927062e-01 2.001849451341543851e-01
-6.666666666666667407e-01 9.666438934122439930e-01 2.015845543882193724e-01
-6.666666666666667407e-01 9.934951126736951688e-01 2.027675517522567750e-01
-6.666666666666667407e-01 1.020346331935146456e+00 2.035788841223188372e-01
-6.666666666666667407e-01 1.047197551196597631e+00 2.038706516698287341e-01
-5.833333333333333703e-01 0.000000000000000000e+00 2.221628920456412692e-01
-5.833333333333333703e-01 2.685121926145122087e-02 2.218449457319912332e-01
-5.833333333333333703e-01 5.370243852290244174e-02 2.209608167793102595e-01
-5.833333333333333703e-01 8.055365778435366608e-02 2.196716752892317326e-01
-5.833333333333333703e-01 1.074048770458048835e-01 2.181464864645033530e-01
-5.833333333333333703e-01 1.342560963072561009e-01 2.165170479897539080e-01
-5.833333333333333703e-01 1.611073155687073322e-01 2.148730091246366103e-01
-5.833333333333333703e-01 1.879585348301585357e-01 2.132717891605956095e-01
-5.833333333333333703e-01 2.148097540916097670e-01 2.117492834034229998e-01
-5.833333333333333703e-01 2.416609733530609982e-01 2.103277002562599085e-01
-5.833333333333333703e-01 2.685121926145122018e-01 2.090206646180283456e-01
-5.833333333333333703e-01 2.953634118759634331e-01 2.078364207730666602e-01
-5.833333333333333703e-01 3.222146311374146643e-01 2.067798322986208470e-01
-5.833333333333333703e-01 3.490658503988658956e-01 2.058536411503980867e-01
-5.833333333333333703e-01 3.759170696603170714e-01 2.050592708976521628e-01
-5.833333333333333703e-01 4.027682889217683027e-01 2.043973463071865060e-01
-5.833333333333333703e-01 4.296195081832195339e-01 2.038680333834745895e-01
-5.833333333333333703e-01 4.564707274446707652e-01 2.034712633432202711e-01
-5.833333333333333703e-01 4.833219467061219965e-01 2.032068795895048963e-01
-5.833333333333333703e-01 5.101731659675732278e-01 2.030747318006346502e-01
-5.833333333333333703e-01 5.370243852290244035e-01 2.030747318006346502e-01
-5.833333333333333703e-01 5.638756044904756903e-01 2.032068795895048963e-01
-5.833333333333333703e-01 5.907268237519268661e-01 2.034712633432202711e-01
-5.833333333333333703e-01 6.175780430133780419e-01 2.038680333834745895e-01
-5.833333333333333703e-01 6.444292622748293287e-01 2.043973463071865060e-01
-5.833333333333333703e-01 6.712804815362805044e-01 2.050592708976521628e-01
-5.833333333333333703e-01 6.981317007977317912e-01 2.058536411503980867e-01
-5.833333333333333703e-01 7.249829200591829670e-01 2.067798322986208470e-01
-5.833333333333333703e-01 7.518341393206341428e-01 2.078364207730666602e-01
-5.833333333333333703e-01 7.786853585820854295e-01 2.090206646180283456e-01
-5.833333333333333703e-01 8.055365778435366053e-01 2.103277002562599085e-01
-5.833333333333333703e-01 8.323877971049878921e-01 2.117492834034229998e-01
-5.833333333333333703e-01 8.592390163664390679e-01 2.132717891605956095e-01
-5.833333333333333703e-01 8.860902356278902436e-01 2.148730091246365548e-01
-5.833333333333333703e-01 9.129414548893415304e-01 2.165170479897539080e-01
-5.833333333333333703e-01 9.397926741507927062e-01 2.181464864645033530e-01
-5.833333333333333703e-01 9.666438934122439930e-01 2.196716752892317326e-01
-5.833333333333333703e-01 9.934951126736951688e-01 2.209608167793102595e-01
-5.833333333333333703e-01 1.020346331935146456e+00 2.218449457319912332e-01
-5.833333333333333703e-01 1.047197551196597631e+00 2.221628920456412970e-01
-5.000000000000000000e-01 0.000000000000000000e+00 2.368762916093099802e-01
-5.000000000000000000e-01 2.685121926145122087e-02 2.365372883535691306e-01
-5.000000000000000000e-01 5.370243852290244174e-02 2.355946053263223150e-01
-5.000000000000000000e-01 8.055365778435366608e-02 2.342200865994650827e-01
-5.000000000000000000e-01 1.074048770458048835e-01 2.325938875998076472e-01
-5.000000000000000000e-01 1.342560963072561009e-01 2.308565347063960826e-01
-5.000000000000000000e-01 1.611073155687073322e-01 2.291036144682558617e-01
-5.000000000000000000e-01 1.879585348301585357e-01 2.273963489405146088e-01
-5.000000000000000000e-01 2.148097540916097670e-01 2.257730107025572863e-01
-5.000000000000000000e-01 2.416609733530609982e-01 2.242572789752033668e-01
-5.000000000000000000e-01 2.685121926145122018e-01 2.228636810069076768e-01
-5.000000000000000000e-01 2.953634118759634331e-01 2.216010070843065782e-01
-5.000000000000000000e-01 3.222146311374146643e-01 2.204744428895424602e-01
-5.000000000000000000e-01 3.490658503988658956e-01 2.194869119725101902e-01
-5.000000000000000000e-01 3.759170696603170714e-01 2.186399321825795439e-01
-5.000000000000000000e-01 4.027682889217683027e-01 2.179341696635972714e-01
-5.000000000000000000e-01 4.296195081832195339e-01 2.173698014141778045e-01
-5.000000000000000000e-01 4.564707274446707652e-01 2.169467540956462881e-01
-5.000000000000000000e-01 4.833219467061219965e-01 2.166648607399864201e-01
-5.000000000000000000e-01 5.101731659675732278e-01 2.165239610700022688e-01
-5.000000000000000000e-01 5.370243852290244035e-01 2.165239610700022688e-01
-5.000000000000000000e-01 5.638756044904756903e-01 2.166648607399864201e-01
-5.000000000000000000e-01 5.907268237519268661e-01 2.169467540956462881e-01
-5.000000000000000000e-01 6.175780430133780419e-01 2.173698014141778045e-01
-5.000000000000000000e-01 6.444292622748293287e-01 2.179341696635972714e-01
-5.000000000000000000e-01 6.712804815362805044e-01 2.186399321825795439e-01
-5.000000000000000000e-01 6.981317007977317912e-01 2.194869119725101902e-01
-5.000000000000000000e-01 7.249829200591829670e-01 2.204744428895424602e-01
-5.000000000000000000e-01 7.518341393206341428e-01 2.216010070843065782e-01
-5.000000000000000000e-01 7.786853585820854295e-01 2.228636810069076768e-01
-5.000000000000000000e-01 8.055365778435366053e-01 2.242572789752033668e-01
-5.000000000000000000e-01 8.323877971049878921e-01 2.257730107025572863e-01
-5.000000000000000000e-01 8.592390163664390679e-01 2.273963489405146088e-01
-5.000000000000000000e-01 8.860902356278902436e-01 2.291036144682558062e-01
-5.000000000000000000e-01 9.129414548893415304e-01 2.308565347063960826e-01
-5.000000000000000000e-01 9.397926741507927062e-01 2.325938875998076472e-01
-5.000000000000000000e-01 9.666438934122439930e-01 2.342200865994650827e-01
-5.000000000000000000e-01 9.934951126736951688e-01 2.355946053263223150e-01
-5.000000000000000000e-01 1.020346331935146456e+00 2.365372883535691306e-01
-5.000000000000000000e-01 1.047197551196597631e+00 2.368762916093100079e-01
-4.166666666666667407e-01 0.000000000000000000e+00 2.486469854749247532e-01
-4.166666666666667407e-01 2.685121926145122087e-02 2.482911367024137061e-01
-4.166666666666667407e-01 5.370243852290244174e-02 2.473016105181305990e-01
-4.166666666666667407e-01 8.055365778435366608e-02 2.458587901514744933e-01
-4.166666666666667407e-01 1.074048770458048835e-01 2.441517831888947443e-01
-4.166666666666667407e-01 1.342560963072561009e-01 2.423280989496741367e-01
-4.166666666666667407e-01 1.611073155687073322e-01 2.404880738039308352e-01
-4.166666666666667407e-01 1.879585348301585357e-01 2.386959720110748417e-01
-4.166666666666667407e-01 2.148097540916097670e-01 2.369919679651993072e-01
-4.166666666666667407e-01 2.416609733530609982e-01 2.354009175386886366e-01
-4.166666666666667407e-01 2.685121926145122018e-01 2.339380698580426632e-01
-4.166666666666667407e-01 2.953634118759634331e-01 2.326126520107791862e-01
-4.166666666666667407e-01 3.222146311374146643e-01 2.314301073623933336e-01
-4.166666666666667407e-01 3.490658503988658956e-01 2.303935047378117551e-01
-4.166666666666667407e-01 3.759170696603170714e-01 2.295044374103318296e-01
-4.166666666666667407e-01 4.027682889217683027e-01 2.287636046253624933e-01
-4.166666666666667407e-01 4.296195081832195339e-01 2.281711921768116991e-01
-4.166666666666667407e-01 4.564707274446707652e-01 2.277271230817094760e-01
-4.166666666666667407e-01 4.833219467061219965e-01 2.274312220751796842e-01
-4.166666666666667407e-01 5.101731659675732278e-01 2.272833209156421563e-01
-4.166666666666667407e-01 5.370243852290244035e-01 2.272833209156421563e-01
-4.166666666666667407e-01 5.638756044904756903e-01 2.274312220751796842e-01
-4.166666666666667407e-01 5.907268237519268661e-01 2.277271230817094760e-01
-4.166666666666667407e-01 6.175780430133780419e-01 2.281711921768116991e-01
-4.166666666666667407e-01 6.444292622748293287e-01 2.287636046253624933e-01
-4.166666666666667407e-01 6.712804815362805044e-01 2.295044374103318296e-01
-4.166666666666667407e-01 6.981317007977317912e-01 2.303935047378117551e-01
-4.166666666666667407e-01 7.249829200591829670e-01 2.314301073623933336e-01
-4.166666666666667407e-01 7.518341393206341428e-01 2.326126520107791862e-01
-4.166666666666667407e-01 7.786853585820854295e-01 2.339380698580426632e-01
-4.166666666666667407e-01 8.055365778435366053e-01 2.354009175386886366e-01
-4.166666666666667407e-01 8.323877971049878921e-01 2.369919679651993072e-01
-4.166666666666667407e-01 8.592390163664390679e-01 2.386959720110748417e-01
-4.166666666666667407e-01 8.860902356278902436e-01 2.404880738039307797e-01
-4.166666666666667407e-01 9.129414548893415304e-01 2.423280989496741367e-01
-4.166666666666667407e-01 9.397926741507927062e-01 2.441517831888947443e-01
-4.166666666666667407e-01 9.666438934122439930e-01 2.458587901514744933e-01
-4.166666666666667407e-01 9.934951126736951688e-01 2.473016105181305990e-01
-4.166666666666667407e-01 1.020346331935146456e+00 2.482911367024137061e-01
-4.166666666666667407e-01 1.047197551196597631e+00 2.486469854749248087e-01
-3.333333333333333703e-01 0.000000000000000000e+00 2.578782429357874828e-01
-3.333333333333333703e-01 2.685121926145122087e-02 2.575091829368064689e-01
-3.333333333333333703e-01 5.370243852290244174e-02 2.564829196452789728e-01
-3.333333333333333703e-01 8.055365778435366608e-02 2.549865331907455457e-01
-3.333333333333333703e-01 1.074048770458048835e-01 2.532161519599077093e-01
-3.333333333333333703e-01 1.342560963072561009e-01 2.513247616967937970e-01
-3.333333333333333703e-01 1.611073155687073322e-01 2.494164238553530921e-01
-3.333333333333333703e-01 1.879585348301585357e-01 2.475577885671710887e-01
-3.333333333333333703e-01 2.148097540916097670e-01 2.457905217391959107e-01
-3.333333333333333703e-01 2.416609733530609982e-01 2.441404020418783682e-01
-3.333333333333333703e-01 2.685121926145122018e-01 2.426232447401433789e-01
-3.333333333333333703e-01 2.953634118759634331e-01 2.412486194859694844e-01
-3.333333333333333703e-01 3.222146311374146643e-01 2.400221717350088380e-01
-3.333333333333333703e-01 3.490658503988658956e-01 2.389470842452524890e-01
-3.333333333333333703e-01 3.759170696603170714e-01 2.380250094417948048e-01
-3.333333333333333703e-01 4.027682889217683027e-01 2.372566725302001911e-01
-3.333333333333333703e-01 4.296195081832195339e-01 2.366422662021533119e-01
-3.333333333333333703e-01 4.564707274446707652e-01 2.361817106166178015e-01
-3.333333333333333703e-01 4.833219467061219965e-01 2.358748240018410935e-01
-3.333333333333333703e-01 5.101731659675732278e-01 2.357214318701132405e-01
-3.333333333333333703e-01 5.370243852290244035e-01 2.357214318701132405e-01
-3.333333333333333703e-01 5.638756044904756903e-01 2.358748240018410935e-01
-3.333333333333333703e-01 5.907268237519268661e-01 2.361817106166178015e-01
-3.333333333333333703e-01 6.175780430133780419e-01 2.366422662021533119e-01
-3.333333333333333703e-01 6.444292622748293287e-01 2.372566725302001911e-01
-3.333333333333333703e-01 6.712804815362805044e-01 2.380250094417948048e-01
-3.333333333333333703e-01 6.981317007977317912e-01 2.389470842452524890e-01
-3.333333333333333703e-01 7.249829200591829670e-01 2.400221717350088380e-01
-3.333333333333333703e-01 7.518341393206341428e-01 2.412486194859694844e-01
-3.333333333333333703e-01 7.786853585820854295e-01 2.426232447401433789e-01
-3.333333333333333703e-01 8.055365778435366053e-01 2.441404020418783682e-01
-3.333333333333333703e-01 8.323877971049878921e-01 2.457905217391959107e-01
-3.333333333333333703e-01 8.592390163664390679e-01 2.475577885671710887e-01
-3.333333333333333703e-01 8.860902356278902436e-01 2.494164238553530366e-01
-3.333333333333333703e-01 9.129414548893415304e-01 2.513247616967937970e-01
-3.333333333333333703e-01 9.397926741507927062e-01 2.532161519599077093e-01
-3.333333333333333703e-01 9.666438934122439930e-01 2.549865331907455457e-01
-3.333333333333333703e-01 9.934951126736951688e-01 2.564829196452789728e-01
-3.333333333333333703e-01 1.020346331935146456e+00 2.575091829368064689e-01
-3.333333333333333703e-01 1.047197551196597631e+00 2.578782429357875383e-01
-2.500000000000000000e-01 0.000000000000000000e+00 2.648357451482400982e-01
-2.500000000000000000e-01 2.685121926145122087e-02 2.644567279860249864e-01
-2.500000000000000000e-01 5.370243852290244174e-02 2.634027763209453865e-01
-2.500000000000000000e-01 8.055365778435366608e-02 2.618660176661457561e-01
-2.500000000000000000e-01 1.074048770458048835e-01 2.600478719120576931e-01
-2.500000000000000000e-01 1.342560963072561009e-01 2.581054523267705680e-01
-2.500000000000000000e-01 1.611073155687073322e-01 2.561456279209622378e-01
-2.500000000000000000e-01 1.879585348301585357e-01 2.542368470331264896e-01
-2.500000000000000000e-01 2.148097540916097670e-01 2.524218997078528370e-01
-2.500000000000000000e-01 2.416609733530609982e-01 2.507272601188445527e-01
-2.500000000000000000e-01 2.685121926145122018e-01 2.491691702236372152e-01
-2.500000000000000000e-01 2.953634118759634331e-01 2.477574578614610001e-01
-2.500000000000000000e-01 3.222146311374146643e-01 2.464979208012060830e-01
-2.500000000000000000e-01 3.490658503988658956e-01 2.453938276710226352e-01
-2.500000000000000000e-01 3.759170696603170714e-01 2.444468754780959319e-01
-2.500000000000000000e-01 4.027682889217683027e-01 2.436578089938880032e-01
-2.500000000000000000e-01 4.296195081832195339e-01 2.430268261088657789e-01
-2.500000000000000000e-01 4.564707274446707652e-01 2.425538448278980463e-01
-2.500000000000000000e-01 4.833219467061219965e-01 2.422386784750675537e-01
-2.500000000000000000e-01 5.101731659675732278e-01 2.420811478550216334e-01
-2.500000000000000000e-01 5.370243852290244035e-01 2.420811478550216334e-01
-2.500000000000000000e-01 5.638756044904756903e-01 2.422386784750675537e-01
-2.500000000000000000e-01 5.907268237519268661e-01 2.425538448278980463e-01
-2.500000000000000000e-01 6.175780430133780419e-01 2.430268261088657789e-01
-2.500000000000000000e-01 6.444292622748293287e-01 2.436578089938880032e-01
-2.500000000000000000e-01 6.712804815362805044e-01 2.444468754780959319e-01
-2.500000000000000000e-01 6.981317007977317912e-01 2.453938276710226352e-01
-2.500000000000000000e-01 7.249829200591829670e-01 2.464979208012060830e-01
-2.500000000000000000e-01 7.518341393206341428e-01 2.477574578614610001e-01
-2.500000000000000000e-01 7.786853585820854295e-01 2.491691702236372152e-01
-2.500000000000000000e-01 8.055365778435366053e-01 2.507272601188445527e-01
-2.500000000000000000e-01 8.323877971049878921e-01 2.524218997078528370e-01
-2.500000000000000000e-01 8.592390163664390679e-01 2.542368470331264896e-01
-2.500000000000000000e-01 8.860902356278902436e-01 2.561456279209621822e-01
-2.500000000000000000e-01 9.129414548893415304e-01 2.581054523267705680e-01
-2.500000000000000000e-01 9.397926741507927062e-01 2.600478719120576931e-01
-2.500000000000000000e-01 9.666438934122439930e-01 2.618660176661457561e-01
-2.500000000000000000e-01 9.934951126736951688e-01 2.634027763209453865e-01
-2.500000000000000000e-01 1.020346331935146456e+00 2.644567279860249864e-01
-2.500000000000000000e-01 1.047197551196597631e+00 2.648357451482401537e-01
-1.666666666666667407e-01 0.000000000000000000e+00 2.696955219715209129e-01
-1.666666666666667407e-01 2.685121926145122087e-02 2.693095497858457588e-01
-1.666666666666667407e-01 5.370243852290244174e-02 2.682362579449453222e-01
-1.666666666666667407e-01 8.055365778435366608e-02 2.666712995315013712e-01
-1.666666666666667407e-01 1.074048770458048835e-01 2.648197905220411319e-01
-1.666666666666667407e-01 1.342560963072561009e-01 2.628417272373871350e-01
-1.666666666666667407e-01 1.611073155687073322e-01 2.608459397510674571e-01
-1.666666666666667407e-01 1.879585348301585357e-01 2.589021324391580503e-01
-1.666666666666667407e-01 2.148097540916097670e-01 2.570538805501749180e-01
-1.666666666666667407e-01 2.416609733530609982e-01 2.553281440629973087e-01
-1.666666666666667407e-01 2.685121926145122018e-01 2.537414629775898156e-01
-1.666666666666667407e-01 2.953634118759634331e-01 2.523038454755504034e-01
-1.666666666666667407e-01 3.222146311374146643e-01 2.510211957157236773e-01
-1.666666666666667407e-01 3.490658503988658956e-01 2.498968423060911603e-01
-1.666666666666667407e-01 3.759170696603170714e-01 2.489325133941820423e-01
-1.666666666666667407e-01 4.027682889217683027e-01 2.481289674181297034e-01
-1.666666666666667407e-01 4.296195081832195339e-01 2.474864058997217064e-01
-1.666666666666667407e-01 4.564707274446707652e-01 2.470047453392035242e-01
-1.666666666666667407e-01 4.833219467061219965e-01 2.466837956351259908e-01
-1.666666666666667407e-01 5.101731659675732278e-01 2.465233743038740266e-01
-1.666666666666667407e-01 5.370243852290244035e-01 2.465233743038740266e-01
-1.666666666666667407e-01 5.638756044904756903e-01 2.466837956351259908e-01
-1.666666666666667407e-01 5.907268237519268661e-01 2.470047453392035242e-01
-1.666666666666667407e-01 6.175780430133780419e-01 2.474864058997217064e-01
-1.666666666666667407e-01 6.444292622748293287e-01 2.481289674181297034e-01
-1.666666666666667407e-01 6.712804815362805044e-01 2.489325133941820423e-01
-1.666666666666667407e-01 6.981317007977317912e-01 2.498968423060911603e-01
-1.666666666666667407e-01 7.249829200591829670e-01 2.510211957157236773e-01
-1.666666666666667407e-01 7.518341393206341428e-01 2.523038454755504034e-01
-1.666666666666667407e-01 7.786853585820854295e-01 2.537414629775898156e-01
-1.666666666666667407e-01 8.055365778435366053e-01 2.553281440629973087e-01
-1.666666666666667407e-01 8.323877971049878921e-01 2.570538805501749180e-01
-1.666666666666667407e-01 8.592390163664390679e-01 2.589021324391580503e-01
-1.666666666666667407e-01 8.860902356278902436e-01 2.608459397510674016e-01
-1.666666666666667407e-01 9.129414548893415304e-01 2.628417272373871350e-01
-1.666666666666667407e-01 9.397926741507927062e-01 2.648197905220411319e-01
-1.666666666666667407e-01 9.666438934122439930e-01 2.666712995315013712e-01
-1.666666666666667407e-01 9.934951126736951688e-01 2.682362579449453222e-01
-1.666666666666667407e-01 1.020346331935146456e+00 2.693095497858457588e-01
-1.666666666666667407e-01 1.047197551196597631e+00 2.696955219715209684e-01
-8.333333333333337034e-02 0.000000000000000000e+00 2.725698005455696737e-01
-8.333333333333337034e-02 2.685121926145122087e-02 2.721797148634028107e-01
-8.333333333333337034e-02 5.370243852290244174e-02 2.710949844204839088e-01
-8.333333333333337034e-02 8.055365778435366608e-02 2.695133474711704502e-01
-8.333333333333337034e-02 1.074048770458048835e-01 2.676421060144057451e-01
-8.333333333333337034e-02 1.342560963072561009e-01 2.656429615309404690e-01
-8.333333333333337034e-02 1.611073155687073322e-01 2.636259039502256707e-01
-8.333333333333337034e-02 1.879585348301585357e-01 2.616613805223501621e-01
-8.333333333333337034e-02 2.148097540916097670e-01 2.597934308988065211e-01
-8.333333333333337034e-02 2.416609733530609982e-01 2.580493023843038469e-01
-8.333333333333337034e-02 2.685121926145122018e-01 2.564457112537673611e-01
-8.333333333333337034e-02 2.953634118759634331e-01 2.549927723509364808e-01
-8.333333333333337034e-02 3.222146311374146643e-01 2.536964527581969664e-01
-8.333333333333337034e-02 3.490658503988658956e-01 2.525601165581519703e-01
-8.333333333333337034e-02 3.759170696603170714e-01 2.515855103160536954e-01
-8.333333333333337034e-02 4.027682889217683027e-01 2.507734005530858346e-01
-8.333333333333337034e-02 4.296195081832195339e-01 2.501239909387533711e-01
-8.333333333333337034e-02 4.564707274446707652e-01 2.496371970834034837e-01
-8.333333333333337034e-02 4.833219467061219965e-01 2.493128268595819208e-01
-8.333333333333337034e-02 5.101731659675732278e-01 2.491506958388554627e-01
-8.333333333333337034e-02 5.370243852290244035e-01 2.491506958388554627e-01
-8.333333333333337034e-02 5.638756044904756903e-01 2.493128268595819208e-01
-8.333333333333337034e-02 5.907268237519268661e-01 2.496371970834034837e-01
-8.333333333333337034e-02 6.175780430133780419e-01 2.501239909387533711e-01
-8.333333333333337034e-02 6.444292622748293287e-01 2.507734005530858346e-01
-8.333333333333337034e-02 6.712804815362805044e-01 2.515855103160536954e-01
-8.333333333333337034e-02 6.981317007977317912e-01 2.525601165581519703e-01
-8.333333333333337034e-02 7.249829200591829670e-01 2.536964527581969664e-01
-8.333333333333337034e-02 7.518341393206341428e-01 2.549927723509364808e-01
-8.333333333333337034e-02 7.786853585820854295e-01 2.564457112537673611e-01
-8.333333333333337034e-02 8.055365778435366053e-01 2.580493023843038469e-01
-8.333333333333337034e-02 8.323877971049878921e-01 2.597934308988065211e-01
-8.333333333333337034e-02 8.592390163664390679e-01 2.616613805223501621e-01
-8.333333333333337034e-02 8.860902356278902436e-01 2.636259039502256152e-01
-8.333333333333337034e-02 9.129414548893415304e-01 2.656429615309404690e-01
-8.333333333333337034e-02 9.397926741507927062e-01 2.676421060144057451e-01
-8.333333333333337034e-02 9.666438934122439930e-01 2.695133474711704502e-01
-8.333333333333337034e-02 9.934951126736951688e-01 2.710949844204839088e-01
-8.333333333333337034e-02 1.020346331935146456e+00 2.721797148634028107e-01
-8.333333333333337034e-02 1.047197551196597631e+00 2.725698005455697293e-01
0.000000000000000000e+00 0.000000000000000000e+00 2.735211814505508210e-01
0.000000000000000000e+00 2.685121926145122087e-02 2.731297342086345670e-01
0.000000000000000000e+00 5.370243852290244174e-02 2.720412176095516887e-01
0.000000000000000000e+00 8.055365778435366608e-02 2.704540600956372720e-01
0.000000000000000000e+00 1.074048770458048835e-01 2.685762872352210340e-01
0.000000000000000000e+00 1.342560963072561009e-01 2.665701649138439433e-01
0.000000000000000000e+00 1.611073155687073322e-01 2.645460669711275359e-01
0.000000000000000000e+00 1.879585348301585357e-01 2.625746865470883762e-01
0.000000000000000000e+00 2.148097540916097670e-01 2.607002170097474369e-01
0.000000000000000000e+00 2.416609733530609982e-01 2.589500007681333482e-01
0.000000000000000000e+00 2.685121926145122018e-01 2.573408124438580913e-01
0.000000000000000000e+00 2.953634118759634331e-01 2.558828021856331403e-01
0.000000000000000000e+00 3.222146311374146643e-01 2.545819579034202529e-01
0.000000000000000000e+00 3.490658503988658956e-01 2.534416554218569262e-01
0.000000000000000000e+00 3.759170696603170714e-01 2.524636474024276600e-01
0.000000000000000000e+00 4.027682889217683027e-01 2.516487030417909332e-01
0.000000000000000000e+00 4.296195081832195339e-01 2.509970267203421312e-01
0.000000000000000000e+00 4.564707274446707652e-01 2.505085337538738854e-01
0.000000000000000000e+00 4.833219467061219965e-01 2.501830313443278997e-01
0.000000000000000000e+00 5.101731659675732278e-01 2.500203344195397470e-01
0.000000000000000000e+00 5.370243852290244035e-01 2.500203344195397470e-01
0.000000000000000000e+00 5.638756044904756903e-01 2.501830313443278997e-01
0.000000000000000000e+00 5.907268237519268661e-01 2.505085337538738854e-01
0.000000000000000000e+00 6.175780430133780419e-01 2.509970267203421312e-01
0.000000000000000000e+00 6.444292622748293287e-01 2.516487030417909332e-01
0.000000000000000000e+00 6.712804815362805044e-01 2.524636474024276600e-01
0.000000000000000000e+00 6.981317007977317912e-01 2.534416554218569262e-01
0.000000000000000000e+00 7.249829200591829670e-01 2.545819579034202529e-01
0.000000000000000000e+00 7.518341393206341428e-01 2.558828021856331403e-01
0.000000000000000000e+00 7.786853585820854295e-01 2.573408124438580913e-01
0.000000000000000000e+00 8.055365778435366053e-01 2.589500007681333482e-01
0.000000000000000000e+00 8.323877971049878921e-01 2.607002170097474369e-01
0.000000000000000000e+00 8.592390163664390679e-01 2.625746865470883762e-01
0.000000000000000000e+00 8.860902356278902436e-01 2.645460669711274804e-01
0.000000000000000000e+00 9.129414548893415304e-01 2.665701649138439433e-01
0.000000000000000000e+00 9.397926741507927062e-01 2.685762872352210340e-01
0.000000000000000000e+00 9.666438934122439930e-01 2.704540600956372720e-01
0.000000000000000000e+00 9.934951126736951688e-01 2.720412176095516887e-01
0.000000000000000000e+00 1.020346331935146456e+00 2.731297342086345670e-01
0.000000000000000000e+00 1.047197551196597631e+00 2.735211814505508765e-01
8.333333333333325932e-02 0.000000000000000000e+00 2.725698005455696737e-01
8.333333333333325932e-02 2.685121926145122087e-02 2.721797148634028107e-01
8.333333333333325932e-02 5.370243852290244174e-02 2.710949844204839088e-01
8.333333333333325932e-02 8.055365778435366608e-02 2.695133474711704502e-01
8.333333333333325932e-02 1.074048770458048835e-01 2.676421060144057451e-01
8.333333333333325932e-02 1.342560963072561009e-01 2.656429615309404690e-01
8.333333333333325932e-02 1.611073155687073322e-01 2.636259039502256707e-01
8.333333333333325932e-02 1.879585348301585357e-01 2.616613805223501621e-01
8.333333333333325932e-02 2.148097540916097670e-01 2.597934308988065211e-01
8.333333333333325932e-02 2.416609733530609982e-01 2.580493023843038469e-01
8.333333333333325932e-02 2.685121926145122018e-01 2.564457112537673611e-01
8.333333333333325932e-02 2.953634118759634331e-01 2.549927723509364808e-01
8.333333333333325932e-02 3.222146311374146643e-01 2.536964527581969664e-01
8.333333333333325932e-02 3.490658503988658956e-01 2.525601165581519703e-01
8.333333333333325932e-02 3.759170696603170714e-01 2.515855103160536954e-01
8.333333333333325932e-02 4.027682889217683027e-01 2.507734005530858346e-01
8.333333333333325932e-02 4.296195081832195339e-01 2.501239909387533711e-01
8.333333333333325932e-02 4.564707274446707652e-01 2.496371970834034837e-01
8.333333333333325932e-02 4.833219467061219965e-01 2.493128268595819208e-01
8.333333333333325932e-02 5.101731659675732278e-01 2.491506958388554627e-01
8.333333333333325932e-02 5.370243852290244035e-01 2.491506958388554627e-01
8.333333333333325932e-02 5.638756044904756903e-01 2.493128268595819208e-01
8.333333333333325932e-02 5.907268237519268661e-01 2.496371970834034837e-01
8.333333333333325932e-02 6.175780430133780419e-01 2.501239909387533711e-01
8.333333333333325932e-02 6.444292622748293287e-01 2.507734005530858346e-01
8.333333333333325932e-02 6.712804815362805044e-01 2.515855103160536954e-01
8.333333333333325932e-02 6.981317007977317912e-01 2.525601165581519703e-01
8.333333333333325932e-02 7.249829200591829670e-01 2.536964527581969664e-01
8.333333333333325932e-02 7.518341393206341428e-01 2.549927723509364808e-01
8.333333333333325932e-02 7.786853585820854295e-01 2.564457112537673611e-01
8.333333333333325932e-02 8.055365778435366053e-01 2.580493023843038469e-01
8.333333333333325932e-02 8.323877971049878921e-01 2.597934308988065211e-01
8.333333333333325932e-02 8.592390163664390679e-01 2.616613805223501621e-01
8.333333333333325932e-02 8.860902356278902436e-01 2.636259039502256152e-01
8.333333333333325932e-02 9.129414548893415304e-01 2.656429615309404690e-01
8.333333333333325932e-02 9.397926741507927062e-01 2.676421060144057451e-01
8.333333333333325932e-02 9.666438934122439930e-01 2.695133474711704502e-01
8.333333333333325932e-02 9.934951126736951688e-01 2.710949844204839088e-01
8.333333333333325932e-02 1.020346331935146456e+00 2.721797148634028107e-01
8.333333333333325932e-02 1.047197551196597631e+00 2.725698005455697293e-01
1.666666666666665186e-01 0.000000000000000000e+00 2.696955219715209129e-01
1.666666666666665186e-01 2.685121926145122087e-02 2.693095497858457588e-01
1.666666666666665186e-01 5.370243852290244174e-02 2.682362579449453222e-01
1.666666666666665186e-01 8.055365778435366608e-02 2.666712995315013712e-01
1.666666666666665186e-01 1.074048770458048835e-01 2.648197905220411319e-01
1.666666666666665186e-01 1.342560963072561009e-01 2.628417272373871350e-01
1.666666666666665186e-01 1.611073155687073322e-01 2.608459397510674571e-01
1.666666666666665186e-01 1.879585348301585357e-01 2.589021324391580503e-01
1.666666666666665186e-01 2.148097540916097670e-01 2.570538805501749180e-01
1.666666666666665186e-01 2.416609733530609982e-01 2.553281440629973087e-01
1.666666666666665186e-01 2.685121926145122018e-01 2.537414629775898156e-01
1.666666666666665186e-01 2.953634118759634331e-01 2.523038454755504034e-01
1.666666666666665186e-01 3.222146311374146643e-01 2.510211957157236773e-01
1.666666666666665186e-01 3.490658503988658956e-01 2.498968423060911603e-01
1.666666666666665186e-01 3.759170696603170714e-01 2.489325133941820423e-01
1.666666666666665186e-01 4.027682889217683027e-01 2.481289674181297034e-01
1.666666666666665186e-01 4.296195081832195339e-01 2.474864058997217064e-01
1.666666666666665186e-01 4.564707274446707652e-01 2.470047453392035242e-01
1.666666666666665186e-01 4.833219467061219965e-01 2.466837956351259908e-01
1.666666666666665186e-01 5.101731659675732278e-01 2.465233743038740266e-01
1.666666666666665186e-01 5.370243852290244035e-01 2.465233743038740266e-01
1.666666666666665186e-01 5.638756044904756903e-01 2.466837956351259908e-01
1.666666666666665186e-01 5.907268237519268661e-01 2.470047453392035242e-01
1.666666666666665186e-01 6.175780430133780419e-01 2.474864058997217064e-01
1.666666666666665186e-01 6.444292622748293287e-01 2.481289674181297034e-01
1.666666666666665186e-01 6.712804815362805044e-01 2.489325133941820423e-01
1.666666666666665186e-01 6.981317007977317912e-01 2.498968423060911603e-01
1.666666666666665186e-01 7.249829200591829670e-01 2.510211957157236773e-01
1.666666666666665186e-01 7.518341393206341428e-01 2.523038454755504034e-01
1.666666666666665186e-01 7.786853585820854295e-01 2.537414629775898156e-01
1.666666666666665186e-01 8.055365778435366053e-01 2.553281440629973087e-01
1.666666666666665186e-01 8.323877971049878921e-01 2.570538805501749180e-01
1.666666666666665186e-01 8.592390163664390679e-01 2.589021324391580503e-01
1.666666666666665186e-01 8.860902356278902436e-01 2.608459397510674016e-01
1.666666666666665186e-01 9.129414548893415304e-01 2.628417272373871350e-01
1.666666666666665186e-01 9.397926741507927062e-01 2.648197905220411319e-01
1.666666666666665186e-01 9.666438934122439930e-01 2.666712995315013712e-01
1.666666666666665186e-01 9.934951126736951688e-01 2.682362579449453222e-01
1.666666666666665186e-01 1.020346331935146456e+00 2.693095497858457588e-01
1.666666666666665186e-01 1.047197551196597631e+00 2.696955219715209684e-01
2.500000000000000000e-01 0.000000000000000000e+00 2.648357451482400982e-01
2.500000000000000000e-01 2.685121926145122087e-02 2.644567279860249864e-01
2.500000000000000000e-01 5.370243852290244174e-02 2.634027763209453865e-01
2.500000000000000000e-01 8.055365778435366608e-02 2.618660176661457561e-01
2.500000000000000000e-01 1.074048770458048835e-01 2.600478719120576931e-01
2.500000000000000000e-01 1.342560963072561009e-01 2.581054523267705680e-01
2.500000000000000000e-01 1.611073155687073322e-01 2.561456279209622378e-01
2.500000000000000000e-01 1.879585348301585357e-01 2.542368470331264896e-01
2.500000000000000000e-01 2.148097540916097670e-01 2.524218997078528370e-01
2.500000000000000000e-01 2.416609733530609982e-01 2.507272601188445527e-01
2.500000000000000000e-01 2.685121926145122018e-01 2.491691702236372152e-01
2.500000000000000000e-01 2.953634118759634331e-01 2.477574578614610001e-01
2.500000000000000000e-01 3.222146311374146643e-01 2.464979208012060830e-01
2.500000000000000000e-01 3.490658503988658956e-01 2.453938276710226352e-01
2.500000000000000000e-01 3.759170696603170714e-01 2.444468754780959319e-01
2.500000000000000000e-01 4.027682889217683027e-01 2.436578089938880032e-01
2.500000000000000000e-01 4.296195081832195339e-01 2.430268261088657789e-01
2.500000000000000000e-01 4.564707274446707652e-01 2.425538448278980463e-01
2.500000000000000000e-01 4.833219467061219965e-01 2.422386784750675537e-01
2.500000000000000000e-01 5.101731659675732278e-01 2.420811478550216334e-01
2.500000000000000000e-01 5.370243852290244035e-01 2.420811478550216334e-01
2.500000000000000000e-01 5.638756044904756903e-01 2.422386784750675537e-01
2.500000000000000000e-01 5.907268237519268661e-01 2.425538448278980463e-01
2.500000000000000000e-01 6.175780430133780419e-01 2.430268261088657789e-01
2.500000000000000000e-01 6.444292622748293287e-01 2.436578089938880032e-01
2.500000000000000000e-01 6.712804815362805044e-01 2.444468754780959319e-01
2.500000000000000000e-01 6.981317007977317912e-01 2.453938276710226352e-01
2.500000000000000000e-01 7.249829200591829670e-01 2.464979208012060830e-01
2.500000000000000000e-01 7.518341393206341428e-01 2.477574578614610001e-01
2.500000000000000000e-01 7.786853585820854295e-01 2.491691702236372152e-01
2.500000000000000000e-01 8.055365778435366053e-01 2.507272601188445527e-01
2.500000000000000000e-01 8.323877971049878921e-01 2.524218997078528370e-01
2.500000000000000000e-01 8.592390163664390679e-01 2.542368470331264896e-01
2.500000000000000000e-01 8.860902356278902436e-01 2.561456279209621822e-01
2.500000000000000000e-01 9.129414548893415304e-01 2.581054523267705680e-01
2.500000000000000000e-01 9.397926741507927062e-01 2.600478719120576931e-01
2.500000000000000000e-01 9.666438934122439930e-01 2.618660176661457561e-01
2.500000000000000000e-01 9.934951126736951688e-01 2.634027763209453865e-01
2.500000000000000000e-01 1.020346331935146456e+00 2.644567279860249864e-01
2.500000000000000000e-01 1.047197551196597631e+00 2.648357451482401537e-01
3.333333333333332593e-01 0.000000000000000000e+00 2.578782429357874828e-01
3.333333333333332593e-01 2.685121926145122087e-02 2.575091829368064689e-01
3.333333333333332593e-01 5.370243852290244174e-02 2.564829196452789728e-01
3.333333333333332593e-01 8.055365778435366608e-02 2.549865331907455457e-01
3.333333333333332593e-01 1.074048770458048835e-01 2.532161519599077093e-01
3.333333333333332593e-01 1.342560963072561009e-01 2.513247616967937970e-01
3.333333333333332593e-01 1.611073155687073322e-01 2.494164238553530921e-01
3.333333333333332593e-01 1.879585348301585357e-01 2.475577885671710887e-01
3.333333333333332593e-01 2.148097540916097670e-01 2.457905217391959107e-01
3.333333333333332593e-01 2.416609733530609982e-01 2.441404020418783682e-01
3.333333333333332593e-01 2.685121926145122018e-01 2.426232447401433789e-01
3.333333333333332593e-01 2.953634118759634331e-01 2.412486194859694844e-01
3.333333333333332593e-01 3.222146311374146643e-01 2.400221717350088380e-01
3.333333333333332593e-01 3.490658503988658956e-01 2.389470842452524890e-01
3.333333333333332593e-01 3.759170696603170714e-01 2.380250094417948048e-01
3.333333333333332593e-01 4.027682889217683027e-01 2.372566725302001911e-01
3.333333333333332593e-01 4.296195081832195339e-01 2.366422662021533119e-01
3.333333333333332593e-01 4.564707274446707652e-01 2.361817106166178015e-01
3.333333333333332593e-01 4.833219467061219965e-01 2.358748240018410935e-01
3.333333333333332593e-01 5.101731659675732278e-01 2.357214318701132405e-01
3.333333333333332593e-01 5.370243852290244035e-01 2.357214318701132405e-01
3.333333333333332593e-01 5.638756044904756903e-01 2.358748240018410935e-01
3.333333333333332593e-01 5.907268237519268661e-01 2.361817106166178015e-01
3.333333333333332593e-01 6.175780430133780419e-01 2.366422662021533119e-01
3.333333333333332593e-01 6.444292622748293287e-01 2.372566725302001911e-01
3.333333333333332593e-01 6.712804815362805044e-01 2.380250094417948048e-01
3.333333333333332593e-01 6.981317007977317912e-01 2.389470842452524890e-01
3.333333333333332593e-01 7.249829200591829670e-01 2.400221717350088380e-01
3.333333333333332593e-01 7.518341393206341428e-01 2.412486194859694844e-01
3.333333333333332593e-01 7.786853585820854295e-01 2.426232447401433789e-01
3.333333333333332593e-01 8.055365778435366053e-01 2.441404020418783682e-01
3.333333333333332593e-01 8.323877971049878921e-01 2.457905217391959107e-01
3.333333333333332593e-01 8.592390163664390679e-01 2.475577885671710887e-01
3.333333333333332593e-01 8.860902356278902436e-01 2.494164238553530366e-01
3.333333333333332593e-01 9.129414548893415304e-01 2.513247616967937970e-01
3.333333333333332593e-01 9.397926741507927062e-01 2.532161519599077093e-01
3.333333333333332593e-01 9.666438934122439930e-01 2.549865331907455457e-01
3.333333333333332593e-01 9.934951126736951688e-01 2.564829196452789728e-01
3.333333333333332593e-01 1.020346331935146456e+00 2.575091829368064689e-01
3.333333333333332593e-01 1.047197551196597631e+00 2.578782429357875383e-01
4.166666666666665186e-01 0.000000000000000000e+00 2.486469854749247532e-01
4.166666666666665186e-01 2.685121926145122087e-02 2.482911367024137061e-01
4.166666666666665186e-01 5.370243852290244174e-02 2.473016105181305990e-01
4.166666666666665186e-01 8.055365778435366608e-02 2.458587901514744933e-01
4.166666666666665186e-01 1.074048770458048835e-01 2.441517831888947443e-01
4.166666666666665186e-01 1.342560963072561009e-01 2.423280989496741367e-01
4.166666666666665186e-01 1.611073155687073322e-01 2.404880738039308352e-01
4.166666666666665186e-01 1.879585348301585357e-01 2.386959720110748417e-01
4.166666666666665186e-01 2.148097540916097670e-01 2.369919679651993072e-01
4.166666666666665186e-01 2.416609733530609982e-01 2.354009175386886366e-01
4.166666666666665186e-01 2.685121926145122018e-01 2.339380698580426632e-01
4.166666666666665186e-01 2.953634118759634331e-01 2.326126520107791862e-01
4.166666666666665186e-01 3.222146311374146643e-01 2.314301073623933336e-01
4.166666666666665186e-01 3.490658503988658956e-01 2.303935047378117551e-01
4.166666666666665186e-01 3.759170696603170714e-01 2.295044374103318296e-01
4.166666666666665186e-01 4.027682889217683027e-01 2.287636046253624933e-01
4.166666666666665186e-01 4.296195081832195339e-01 2.281711921768116991e-01
4.166666666666665186e-01 4.564707274446707652e-01 2.277271230817094760e-01
4.166666666666665186e-01 4.833219467061219965e-01 2.274312220751796842e-01
4.166666666666665186e-01 5.101731659675732278e-01 2.272833209156421563e-01
4.166666666666665186e-01 5.370243852290244035e-01 2.272833209156421563e-01
4.166666666666665186e-01 5.638756044904756903e-01 2.274312220751796842e-01
4.166666666666665186e-01 5.907268237519268661e-01 2.277271230817094760e-01
4.166666666666665186e-01 6.175780430133780419e-01 2.281711921768116991e-01
4.166666666666665186e-01 6.444292622748293287e-01 2.287636046253624933e-01
4.166666666666665186e-01 6.712804815362805044e-01 2.295044374103318296e-01
4.166666666666665186e-01 6.981317007977317912e-01 2.303935047378117551e-01
4.166666666666665186e-01 7.249829200591829670e-01 2.314301073623933336e-01
4.166666666666665186e-01 7.518341393206341428e-01 2.326126520107791862e-01
4.166666666666665186e-01 7.786853585820854295e-01 2.339380698580426632e-01
4.166666666666665186e-01 8.055365778435366053e-01 2.354009175386886366e-01
4.166666666666665186e-01 8.323877971049878921e-01 2.369919679651993072e-01
4.166666666666665186e-01 8.592390163664390679e-01 2.386959720110748417e-01
4.166666666666665186e-01 8.860902356278902436e-01 2.404880738039307797e-01
4.166666666666665186e-01 9.129414548893415304e-01 2.423280989496741367e-01
4.166666666666665186e-01 9.397926741507927062e-01 2.441517831888947443e-01
4.166666666666665186e-01 9.666438934122439930e-01 2.458587901514744933e-01
4.166666666666665186e-01 9.934951126736951688e-01 2.473016105181305990e-01
4.166666666666665186e-01 1.020346331935146456e+00 2.482911367024137061e-01
4.166666666666665186e-01 1.047197551196597631e+00 2.486469854749248087e-01
5.000000000000000000e-01 0.000000000000000000e+00 2.368762916093099802e-01
5.000000000000000000e-01 2.685121926145122087e-02 2.365372883535691306e-01
5.000000000000000000e-01 5.370243852290244174e-02 2.355946053263223150e-01
5.000000000000000000e-01 8.055365778435366608e-02 2.342200865994650827e-01
5.000000000000000000e-01 1.074048770458048835e-01 2.325938875998076472e-01
5.000000000000000000e-01 1.342560963072561009e-01 2.308565347063960826e-01
5.000000000000000000e-01 1.611073155687073322e-01 2.291036144682558617e-01
5.000000000000000000e-01 1.879585348301585357e-01 2.273963489405146088e-01
5.000000000000000000e-01 2.148097540916097670e-01 2.257730107025572863e-01
5.000000000000000000e-01 2.416609733530609982e-01 2.242572789752033668e-01
5.000000000000000000e-01 2.685121926145122018e-01 2.228636810069076768e-01
5.000000000000000000e-01 2.953634118759634331e-01 2.216010070843065782e-01
5.000000000000000000e-01 3.222146311374146643e-01 2.204744428895424602e-01
5.000000000000000000e-01 3.490658503988658956e-01 2.194869119725101902e-01
5.000000000000000000e-01 3.759170696603170714e-01 2.186399321825795439e-01
5.000000000000000000e-01 4.027682889217683027e-01 2.179341696635972714e-01
5.000000000000000000e-01 4.296195081832195339e-01 2.173698014141778045e-01
5.000000000000000000e-01 4.564707274446707652e-01 2.169467540956462881e-01
5.000000000000000000e-01 4.833219467061219965e-01 2.166648607399864201e-01
5.000000000000000000e-01 5.101731659675732278e-01 2.165239610700022688e-01
5.000000000000000000e-01 5.370243852290244035e-01 2.165239610700022688e-01
5.000000000000000000e-01 5.638756044904756903e-01 2.166648607399864201e-01
5.000000000000000000e-01 5.907268237519268661e-01 2.169467540956462881e-01
5.000000000000000000e-01 6.175780430133780419e-01 2.173698014141778045e-01
5.000000000000000000e-01 6.444292622748293287e-01 2.179341696635972714e-01
5.000000000000000000e-01 6.712804815362805044e-01 2.186399321825795439e-01
5.000000000000000000e-01 6.981317007977317912e-01 2.194869119725101902e-01
5.000000000000000000e-01 7.249829200591829670e-01 2.204744428895424602e-01
5.000000000000000000e-01 7.518341393206341428e-01 2.216010070843065782e-01
5.000000000000000000e-01 7.786853585820854295e-01 2.228636810069076768e-01
5.000000000000000000e-01 8.055365778435366053e-01 2.242572789752033668e-01
5.000000000000000000e-01 8.323877971049878921e-01 2.257730107025572863e-01
5.000000000000000000e-01 8.592390163664390679e-01 2.273963489405146088e-01
5.000000000000000000e-01 8.860902356278902436e-01 2.291036144682558062e-01
5.000000000000000000e-01 9.129414548893415304e-01 2.308565347063960826e-01
5.000000000000000000e-01 9.397926741507927062e-01 2.325938875998076472e-01
5.000000000000000000e-01 9.666438934122439930e-01 2.342200865994650827e-01
5.000000000000000000e-01 9.934951126736951688e-01 2.355946053263223150e-01
5.000000000000000000e-01 1.020346331935146456e+00 2.365372883535691306e-01
5.000000000000000000e-01 1.047197551196597631e+00 2.368762916093100079e-01
5.833333333333332593e-01 0.000000000000000000e+00 2.221628920456412970e-01
5.833333333333332593e-01 2.685121926145122087e-02 2.218449457319912610e-01
5.833333333333332593e-01 5.370243852290244174e-02 2.209608167793102873e-01
5.833333333333332593e-01 8.055365778435366608e-02 2.196716752892317881e-01
5.833333333333332593e-01 1.074048770458048835e-01 2.181464864645033808e-01
5.833333333333332593e-01 1.342560963072561009e-01 2.165170479897539357e-01
5.833333333333332593e-01 1.611073155687073322e-01 2.148730091246366380e-01
5.833333333333332593e-01 1.879585348301585357e-01 2.132717891605956373e-01
5.833333333333332593e-01 2.148097540916097670e-01 2.117492834034230276e-01
5.833333333333332593e-01 2.416609733530609982e-01 2.103277002562599363e-01
5.833333333333332593e-01 2.685121926145122018e-01 2.090206646180283734e-01
5.833333333333332593e-01 2.953634118759634331e-01 2.078364207730666879e-01
5.833333333333332593e-01 3.222146311374146643e-01 2.067798322986208748e-01
5.833333333333332593e-01 3.490658503988658956e-01 2.058536411503981145e-01
5.833333333333332593e-01 3.759170696603170714e-01 2.050592708976521905e-01
5.833333333333332593e-01 4.027682889217683027e-01 2.043973463071865337e-01
5.833333333333332593e-01 4.296195081832195339e-01 2.038680333834746172e-01
5.833333333333332593e-01 4.564707274446707652e-01 2.034712633432202988e-01
5.833333333333332593e-01 4.833219467061219965e-01 2.032068795895049240e-01
5.833333333333332593e-01 5.101731659675732278e-01 2.030747318006346780e-01
5.833333333333332593e-01 5.370243852290244035e-01 2.030747318006346780e-01
5.833333333333332593e-01 5.638756044904756903e-01 2.032068795895049240e-01
5.833333333333332593e-01 5.907268237519268661e-01 2.034712633432202988e-01
5.833333333333332593e-01 6.175780430133780419e-01 2.038680333834746172e-01
5.833333333333332593e-01 6.444292622748293287e-01 2.043973463071865337e-01
5.833333333333332593e-01 6.712804815362805044e-01 2.050592708976521905e-01
5.833333333333332593e-01 6.981317007977317912e-01 2.058536411503981145e-01
5.833333333333332593e-01 7.249829200591829670e-01 2.067798322986208748e-01
5.833333333333332593e-01 7.518341393206341428e-01 2.078364207730666879e-01
5.833333333333332593e-01 7.786853585820854295e-01 2.090206646180283734e-01
5.833333333333332593e-01 8.055365778435366053e-01 2.103277002562599363e-01
5.833333333333332593e-01 8.323877971049878921e-01 2.117492834034230276e-01
5.833333333333332593e-01 8.592390163664390679e-01 2.132717891605956373e-01
5.833333333333332593e-01 8.860902356278902436e-01 2.148730091246365825e-01
5.833333333333332593e-01 9.129414548893415304e-01 2.165170479897539357e-01
5.833333333333332593e-01 9.397926741507927062e-01 2.181464864645033808e-01
5.833333333333332593e-01 9.666438934122439930e-01 2.196716752892317881e-01
5.833333333333332593e-01 9.934951126736951688e-01 2.209608167793102873e-01
5.833333333333332593e-01 1.020346331935146456e+00 2.218449457319912610e-01
5.833333333333332593e-01 1.047197551196597631e+00 2.221628920456413248e-01
6.666666666666665186e-01 0.000000000000000000e+00 2.038706516698287619e-01
6.666666666666665186e-01 2.685121926145122087e-02 2.035788841223188927e-01
6.666666666666665186e-01 5.370243852290244174e-02 2.027675517522568305e-01
6.666666666666665186e-01 8.055365778435366608e-02 2.015845543882194280e-01
6.666666666666665186e-01 1.074048770458048835e-01 2.001849451341544683e-01
6.666666666666665186e-01 1.342560963072561009e-01 1.986896698402281780e-01
6.666666666666665186e-01 1.611073155687073322e-01 1.971809963092177043e-01
6.666666666666665186e-01 1.879585348301585357e-01 1.957116160966630714e-01
6.666666666666665186e-01 2.148097540916097670e-01 1.943144689942474246e-01
6.666666666666665186e-01 2.416609733530609982e-01 1.930099348303896678e-01
6.666666666666665186e-01 2.685121926145122018e-01 1.918105166698301778e-01
6.666666666666665186e-01 2.953634118759634331e-01 1.907237799867358419e-01
6.666666666666665186e-01 3.222146311374146643e-01 1.897541879056792169e-01
6.666666666666665186e-01 3.490658503988658956e-01 1.889042566177834281e-01
6.666666666666665186e-01 3.759170696603170714e-01 1.881752924797888415e-01
6.666666666666665186e-01 4.027682889217683027e-01 1.875678688170342445e-01
6.666666666666665186e-01 4.296195081832195339e-01 1.870821379656720518e-01
6.666666666666665186e-01 4.564707274446707652e-01 1.867180368058208861e-01
6.666666666666665186e-01 4.833219467061219965e-01 1.864754216342926207e-01
6.666666666666665186e-01 5.101731659675732278e-01 1.863541545064404670e-01
6.666666666666665186e-01 5.370243852290244035e-01 1.863541545064404670e-01
6.666666666666665186e-01 5.638756044904756903e-01 1.864754216342926207e-01
6.666666666666665186e-01 5.907268237519268661e-01 1.867180368058208861e-01
6.666666666666665186e-01 6.175780430133780419e-01 1.870821379656720518e-01
6.666666666666665186e-01 6.444292622748293287e-01 1.875678688170342445e-01
6.666666666666665186e-01 6.712804815362805044e-01 1.881752924797888415e-01
6.666666666666665186e-01 6.981317007977317912e-01 1.889042566177834281e-01
6.666666666666665186e-01 7.249829200591829670e-01 1.897541879056792169e-01
6.666666666666665186e-01 7.518341393206341428e-01 1.907237799867358419e-01
6.666666666666665186e-01 7.786853585820854295e-01 1.918105166698301778e-01
6.666666666666665186e-01 8.055365778435366053e-01 1.930099348303896678e-01
6.666666666666665186e-01 8.323877971049878921e-01 1.943144689942474246e-01
6.666666666666665186e-01 8.592390163664390679e-01 1.957116160966630714e-01
6.666666666666665186e-01 8.860902356278902436e-01 1.971809963092176765e-01
6.666666666666665186e-01 9.129414548893415304e-01 1.986896698402281780e-01
6.666666666666665186e-01 9.397926741507927062e-01 2.001849451341544683e-01
6.666666666666665186e-01 9.666438934122439930e-01 2.015845543882194280e-01
6.666666666666665186e-01 9.934951126736951688e-01 2.027675517522568305e-01
6.666666666666665186e-01 1.020346331935146456e+00 2.035788841223188927e-01
6.666666666666665186e-01 1.047197551196597631e+00 2.038706516698287896e-01
7.500000000000000000e-01 0.000000000000000000e+00 1.809172561066826612e-01
7.500000000000000000e-01 2.685121926145122087e-02 1.806583380933045324e-01
7.500000000000000000e-01 5.370243852290244174e-02 1.799383520385197388e-01
7.500000000000000000e-01 8.055365778435366608e-02 1.788885460201934674e-01
7.500000000000000000e-01 1.074048770458048835e-01 1.776465160183615388e-01
7.500000000000000000e-01 1.342560963072561009e-01 1.763195908278766821e-01
7.500000000000000000e-01 1.611073155687073322e-01 1.749807758814604375e-01
7.500000000000000000e-01 1.879585348301585357e-01 1.736768302960832455e-01
7.500000000000000000e-01 2.148097540916097670e-01 1.724369852370906397e-01
7.500000000000000000e-01 2.416609733530609982e-01 1.712793260081164060e-01
7.500000000000000000e-01 2.685121926145122018e-01 1.702149479784411112e-01
7.500000000000000000e-01 2.953634118759634331e-01 1.692505648403800633e-01
7.500000000000000000e-01 3.222146311374146643e-01 1.683901372240911576e-01
7.500000000000000000e-01 3.490658503988658956e-01 1.676358980276895505e-01
7.500000000000000000e-01 3.759170696603170714e-01 1.669890065277803703e-01
7.500000000000000000e-01 4.027682889217683027e-01 1.664499715001305502e-01
7.500000000000000000e-01 4.296195081832195339e-01 1.660189281296648167e-01
7.500000000000000000e-01 4.564707274446707652e-01 1.656958204030450355e-01
7.500000000000000000e-01 4.833219467061219965e-01 1.654805207963422897e-01
7.500000000000000000e-01 5.101731659675732278e-01 1.653729068958261772e-01
7.500000000000000000e-01 5.370243852290244035e-01 1.653729068958261772e-01
7.500000000000000000e-01 5.638756044904756903e-01 1.654805207963422897e-01
7.500000000000000000e-01 5.907268237519268661e-01 1.656958204030450355e-01
7.500000000000000000e-01 6.175780430133780419e-01 1.660189281296648167e-01
7.500000000000000000e-01 6.444292622748293287e-01 1.664499715001305502e-01
7.500000000000000000e-01 6.712804815362805044e-01 1.669890065277803703e-01
7.500000000000000000e-01 6.981317007977317912e-01 1.676358980276895505e-01
7.500000000000000000e-01 7.249829200591829670e-01 1.683901372240911576e-01
7.500000000000000000e-01 7.518341393206341428e-01 1.692505648403800633e-01
7.500000000000000000e-01 7.786853585820854295e-01 1.702149479784411112e-01
7.500000000000000000e-01 8.055365778435366053e-01 1.712793260081164060e-01
7.500000000000000000e-01 8.323877971049878921e-01 1.724369852370906397e-01
7.500000000000000000e-01 8.592390163664390679e-01 1.736768302960832455e-01
7.500000000000000000e-01 8.860902356278902436e-01 1.749807758814603820e-01
7.500000000000000000e-01 9.129414548893415304e-01 1.763195908278766821e-01
7.500000000000000000e-01 9.397926741507927062e-01 1.776465160183615388e-01
7.500000000000000000e-01 9.666438934122439930e-01 1.788885460201934674e-01
7.500000000000000000e-01 9.934951126736951688e-01 1.799383520385197388e-01
7.500000000000000000e-01 1.020346331935146456e+00 1.806583380933045324e-01
7.500000000000000000e-01 1.047197551196597631e+00 1.809172561066826890e-01
8.333333333333332593e-01 0.000000000000000000e+00 1.511945218476991037e-01
8.333333333333332593e-01 2.685121926145122087e-02 1.509781412432565084e-01
8.333333333333332593e-01 5.370243852290244174e-02 1.503764410537178908e-01
8.333333333333332593e-01 8.055365778435366608e-02 1.494991067275766583e-01
8.333333333333332593e-01 1.074048770458048835e-01 1.484611287243244870e-01
8.333333333333332593e-01 1.342560963072561009e-01 1.473522028870637157e-01
8.333333333333332593e-01 1.611073155687073322e-01 1.462333406512436318e-01
8.333333333333332593e-01 1.879585348301585357e-01 1.451436191203120118e-01
8.333333333333332593e-01 2.148097540916097670e-01 1.441074670975935335e-01
8.333333333333332593e-01 2.416609733530609982e-01 1.431399986683568604e-01
8.333333333333332593e-01 2.685121926145122018e-01 1.422504863535832276e-01
8.333333333333332593e-01 2.953634118759634331e-01 1.414445408590796760e-01
8.333333333333332593e-01 3.222146311374146643e-01 1.407254721266164577e-01
8.333333333333332593e-01 3.490658503988658956e-01 1.400951462134736591e-01
8.333333333333332593e-01 3.759170696603170714e-01 1.395545319397394068e-01
8.333333333333332593e-01 4.027682889217683027e-01 1.391040544948647373e-01
8.333333333333332593e-01 4.296195081832195339e-01 1.387438268543639552e-01
8.333333333333332593e-01 4.564707274446707652e-01 1.384738022072801444e-01
8.333333333333332593e-01 4.833219467061219965e-01 1.382938739804767114e-01
8.333333333333332593e-01 5.101731659675732278e-01 1.382039398714655365e-01
8.333333333333332593e-01 5.370243852290244035e-01 1.382039398714655365e-01
8.333333333333332593e-01 5.638756044904756903e-01 1.382938739804767114e-01
8.333333333333332593e-01 5.907268237519268661e-01 1.384738022072801444e-01
8.333333333333332593e-01 6.175780430133780419e-01 1.387438268543639552e-01
8.333333333333332593e-01 6.444292622748293287e-01 1.391040544948647373e-01
8.333333333333332593e-01 6.712804815362805044e-01 1.395545319397394068e-01
8.333333333333332593e-01 6.981317007977317912e-01 1.400951462134736591e-01
8.333333333333332593e-01 7.249829200591829670e-01 1.407254721266164577e-01
8.333333333333332593e-01 7.518341393206341428e-01 1.414445408590796760e-01
8.333333333333332593e-01 7.786853585820854295e-01 1.422504863535832276e-01
8.333333333333332593e-01 8.055365778435366053e-01 1.431399986683568604e-01
8.333333333333332593e-01 8.323877971049878921e-01 1.441074670975935335e-01
8.333333333333332593e-01 8.592390163664390679e-01 1.451436191203120118e-01
8.333333333333332593e-01 8.860902356278902436e-01 1.462333406512435763e-01
8.333333333333332593e-01 9.129414548893415304e-01 1.473522028870637157e-01
8.333333333333332593e-01 9.397926741507927062e-01 1.484611287243244870e-01
8.333333333333332593e-01 9.666438934122439930e-01 1.494991067275766583e-01
8.333333333333332593e-01 9.934951126736951688e-01 1.503764410537178908e-01
8.333333333333332593e-01 1.020346331935146456e+00 1.509781412432565084e-01
8.333333333333332593e-01 1.047197551196597631e+00 1.511945218476991593e-01
9.166666666666665186e-01 0.000000000000000000e+00 1.093134586911908568e-01
9.166666666666665186e-01 2.685121926145122087e-02 1.091570157726495377e-01
9.166666666666665186e-01 5.370243852290244174e-02 1.087219872543553068e-01
9.166666666666665186e-01 8.055365778435366608e-02 1.080876755845475157e-01
9.166666666666665186e-01 1.074048770458048835e-01 1.073372187280804135e-01
9.166666666666665186e-01 1.342560963072561009e-01 1.065354666723736243e-01
9.166666666666665186e-01 1.611073155687073322e-01 1.057265306123776338e-01
9.166666666666665186e-01 1.879585348301585357e-01 1.049386632472069231e-01
9.166666666666665186e-01 2.148097540916097670e-01 1.041895265724844949e-01
9.166666666666665186e-01 2.416609733530609982e-01 1.034900480538056000e-01
9.166666666666665186e-01 2.685121926145122018e-01 1.028469317127634342e-01
9.166666666666665186e-01 2.953634118759634331e-01 1.022642340829543889e-01
9.166666666666665186e-01 3.222146311374146643e-01 1.017443482483245815e-01
9.166666666666665186e-01 3.490658503988658956e-01 1.012886233660584834e-01
9.166666666666665186e-01 3.759170696603170714e-01 1.008977598919225255e-01
9.166666666666665186e-01 4.027682889217683027e-01 1.005720652373818941e-01
9.166666666666665186e-01 4.296195081832195339e-01 1.003116210835985067e-01
9.166666666666665186e-01 4.564707274446707652e-01 1.001163935863064319e-01
9.166666666666665186e-01 4.833219467061219965e-01 9.998630569325518691e-02
9.166666666666665186e-01 5.101731659675732278e-01 9.992128343986809991e-02
9.166666666666665186e-01 5.370243852290244035e-01 9.992128343986809991e-02
9.166666666666665186e-01 5.638756044904756903e-01 9.998630569325518691e-02
9.166666666666665186e-01 5.907268237519268661e-01 1.001163935863064319e-01
9.166666666666665186e-01 6.175780430133780419e-01 1.003116210835985067e-01
9.166666666666665186e-01 6.444292622748293287e-01 1.005720652373818941e-01
9.166666666666665186e-01 6.712804815362805044e-01 1.008977598919225255e-01
9.166666666666665186e-01 6.981317007977317912e-01 1.012886233660584834e-01
9.166666666666665186e-01 7.249829200591829670e-01 1.017443482483245815e-01
9.166666666666665186e-01 7.518341393206341428e-01 1.022642340829543889e-01
9.166666666666665186e-01 7.786853585820854295e-01 1.028469317127634342e-01
9.166666666666665186e-01 8.055365778435366053e-01 1.034900480538056000e-01
9.166666666666665186e-01 8.323877971049878921e-01 1.041895265724844949e-01
9.166666666666665186e-01 8.592390163664390679e-01 1.049386632472069231e-01
9.166666666666665186e-01 8.860902356278902436e-01 1.057265306123776200e-01
9.166666666666665186e-01 9.129414548893415304e-01 1.065354666723736243e-01
9.166666666666665186e-01 9.397926741507927062e-01 1.073372187280804135e-01
9.166666666666665186e-01 9.666438934122439930e-01 1.080876755845475157e-01
9.166666666666665186e-01 9.934951126736951688e-01 1.087219872543553068e-01
9.166666666666665186e-01 1.020346331935146456e+00 1.091570157726495377e-01
9.166666666666665186e-01 1.047197551196597631e+00 1.093134586911908845e-01
1.000000000000000000e+00 0.000000000000000000e+00 0.000000000000000000e+00
1.000000000000000000e+00 2.685121926145122087e-02 0.000000000000000000e+00
1.000000000000000000e+00 5.370243852290244174e-02 0.000000000000000000e+00
1.000000000000000000e+00 8.055365778435366608e-02 0.000000000000000000e+00
1.000000000000000000e+00 1.074048770458048835e-01 0.000000000000000000e+00
1.000000000000000000e+00 1.342560963072561009e-01 0.000000000000000000e+00
1.000000000000000000e+00 1.611073155687073322e-01 0.000000000000000000e+00
1.000000000000000000e+00 1.879585348301585357e-01 0.000000000000000000e+00
1.000000000000000000e+00 2.148097540916097670e-01 0.000000000000000000e+00
1.000000000000000000e+00 2.416609733530609982e-01 0.000000000000000000e+00
1.000000000000000000e+00 2.685121926145122018e-01 0.000000000000000000e+00
1.000000000000000000e+00 2.953634118759634331e-01 0.000000000000000000e+00
1.000000000000000000e+00 3.222146311374146643e-01 0.000000000000000000e+00
1.000000000000000000e+00 3.490658503988658956e-01 0.000000000000000000e+00
1.000000000000000000e+00 3.759170696603170714e-01 0.000000000000000000e+00
1.000000000000000000e+00 4.027682889217683027e-01 0.000000000000000000e+00
1.000000000000000000e+00 4.296195081832195339e-01 0.000000000000000000e+00
1.000000000000000000e+00 4.564707274446707652e-01 0.000000000000000000e+00
1.000000000000000000e+00 4.833219467061219965e-01 0.000000000000000000e+00
1.000000000000000000e+00 5.101731659675732278e-01 0.000000000000000000e+00
1.000000000000000000e+00 5.370243852290244035e-01 0.000000000000000000e+00
1.000000000000000000e+00 5.638756044904756903e-01 0.000000000000000000e+00
1.000000000000000000e+00 5.907268237519268661e-01 0.000000000000000000e+00
1.000000000000000000e+00 6.175780430133780419e-01 0.000000000000000000e+00
1.000000000000000000e+00 6.444292622748293287e-01 0.000000000000000000e+00
1.000000000000000000e+00 6.712804815362805044e-01 0.000000000000000000e+00
1.000000000000000000e+00 6.981317007977317912e-01 0.000000000000000000e+00
1.000000000000000000e+00 7.249829200591829670e-01 0.000000000000000000e+00
1.000000000000000000e+00 7.518341393206341428e-01 0.000000000000000000e+00
1.000000000000000000e+00 7.786853585820854295e-01 0.000000000000000000e+00
1.000000000000000000e+00 8.055365778435366053e-01 0.000000000000000000e+00
1.000000000000000000e+00 8.323877971049878921e-01 0.000000000000000000e+00
1.000000000000000000e+00 8.592390163664390679e-01 0.000000000000000000e+00
1.000000000000000000e+00 8.860902356278902436e-01 0.000000000000000000e+00
1.000000000000000000e+00 9.129414548893415304e-01 0.000000000000000000e+00
1.000000000000000000e+00 9.397926741507927062e-01 0.000000000000000000e+00
1.000000000000000000e+00 9.666438934122439930e-01 0.000000000000000000e+00
1.000000000000000000e+00 9.934951126736951688e-01 0.000000000000000000e+00
1.000000000000000000e+00 1.020346331935146456e+00 0.000000000000000000e+00
1.000000000000000000e+00 1.047197551196597631e+00 0.000000000000000000e+00
