##alpha=1 ; m=2, M=2*ft/pc ==.5, pc=c=1 ; b=1,g=0
-1.000000000000000000e+00 0.000000000000000000e+00 0.000000000000000000e+00
-1.000000000000000000e+00 4.363323129985823695e-02 0.000000000000000000e+00
-1.000000000000000000e+00 8.726646259971647390e-02 0.000000000000000000e+00
-1.000000000000000000e+00 1.308996938995747039e-01 0.000000000000000000e+00
-1.000000000000000000e+00 1.745329251994329478e-01 0.000000000000000000e+00
-1.000000000000000000e+00 2.181661564992911917e-01 0.000000000000000000e+00
-1.000000000000000000e+00 2.617993877991494078e-01 0.000000000000000000e+00
-1.000000000000000000e+00 3.054326190990076517e-01 0.000000000000000000e+00
-1.000000000000000000e+00 3.490658503988658956e-01 0.000000000000000000e+00
-1.000000000000000000e+00 3.926990816987241395e-01 0.000000000000000000e+00
-1.000000000000000000e+00 4.363323129985823834e-01 0.000000000000000000e+00
-1.000000000000000000e+00 4.799655442984406273e-01 0.000000000000000000e+00
-1.000000000000000000e+00 5.235987755982988157e-01 0.000000000000000000e+00
-1.000000000000000000e+00 5.672320068981571151e-01 0.000000000000000000e+00
-1.000000000000000000e+00 6.108652381980153034e-01 0.000000000000000000e+00
-1.000000000000000000e+00 6.544984694978736028e-01 0.000000000000000000e+00
-1.000000000000000000e+00 6.981317007977317912e-01 0.000000000000000000e+00
-1.000000000000000000e+00 7.417649320975899796e-01 0.000000000000000000e+00
-1.000000000000000000e+00 7.853981633974482790e-01 0.000000000000000000e+00
-1.000000000000000000e+00 8.290313946973064674e-01 0.000000000000000000e+00
-1.000000000000000000e+00 8.726646259971647668e-01 0.000000000000000000e+00
-1.000000000000000000e+00 9.162978572970229552e-01 0.000000000000000000e+00
-1.000000000000000000e+00 9.599310885968812546e-01 0.000000000000000000e+00
-1.000000000000000000e+00 1.003564319896739443e+00 0.000000000000000000e+00
-1.000000000000000000e+00 1.047197551196597631e+00 0.000000000000000000e+00
-9.487179487179486781e-01 0.000000000000000000e+00 1.729331077992199428e-01
-9.487179487179486781e-01 4.363323129985823695e-02 1.722999055089443621e-01
-9.487179487179486781e-01 8.726646259971647390e-02 1.707097421726164188e-01
-9.487179487179486781e-01 1.308996938995747039e-01 1.686986639180696190e-01
-9.487179487179486781e-01 1.745329251994329478e-01 1.666291910931153308e-01
-9.487179487179486781e-01 2.181661564992911917e-01 1.646841972880463134e-01
-9.487179487179486781e-01 2.617993877991494078e-01 1.629486952688485590e-01
-9.487179487179486781e-01 3.054326190990076517e-01 1.614610765338347076e-01
-9.487179487179486781e-01 3.490658503988658956e-01 1.602378758582701235e-01
-9.487179487179486781e-01 3.926990816987241395e-01 1.592854082083302591e-01
-9.487179487179486781e-01 4.363323129985823834e-01 1.586053850049942704e-01
-9.487179487179486781e-01 4.799655442984406273e-01 1.581977121708492140e-01
-9.487179487179486781e-01 5.235987755982988157e-01 1.580618975120250957e-01
-9.487179487179486781e-01 5.672320068981571151e-01 1.581977121708492140e-01
-9.487179487179486781e-01 6.108652381980153034e-01 1.586053850049942704e-01
-9.487179487179486781e-01 6.544984694978736028e-01 1.592854082083302591e-01
-9.487179487179486781e-01 6.981317007977317912e-01 1.602378758582701235e-01
-9.487179487179486781e-01 7.417649320975899796e-01 1.614610765338347076e-01
-9.487179487179486781e-01 7.853981633974482790e-01 1.629486952688486145e-01
-9.487179487179486781e-01 8.290313946973064674e-01 1.646841972880463134e-01
-9.487179487179486781e-01 8.726646259971647668e-01 1.666291910931153308e-01
-9.487179487179486781e-01 9.162978572970229552e-01 1.686986639180696468e-01
-9.487179487179486781e-01 9.599310885968812546e-01 1.707097421726164188e-01
-9.487179487179486781e-01 1.003564319896739443e+00 1.722999055089443621e-01
-9.487179487179486781e-01 1.047197551196597631e+00 1.729331077992199706e-01
-8.974358974358974672e-01 0.000000000000000000e+00 2.413249405398383562e-01
-8.974358974358974672e-01 4.363323129985823695e-02 2.404413185024211197e-01
-8.974358974358974672e-01 8.726646259971647390e-02 2.382222750961491831e-01
-8.974358974358974672e-01 1.308996938995747039e-01 2.354158527379565657e-01
-8.974358974358974672e-01 1.745329251994329478e-01 2.325279418411562715e-01
-8.974358974358974672e-01 2.181661564992911917e-01 2.298137391050116551e-01
-8.974358974358974672e-01 2.617993877991494078e-01 2.273918782657562698e-01
-8.974358974358974672e-01 3.054326190990076517e-01 2.253159339463493560e-01
-8.974358974358974672e-01 3.490658503988658956e-01 2.236089801186205706e-01
-8.974358974358974672e-01 3.926990816987241395e-01 2.222798292005978560e-01
-8.974358974358974672e-01 4.363323129985823834e-01 2.213308694484762418e-01
-8.974358974358974672e-01 4.799655442984406273e-01 2.207619695789730108e-01
-8.974358974358974672e-01 5.235987755982988157e-01 2.205724427446827118e-01
-8.974358974358974672e-01 5.672320068981571151e-01 2.207619695789730108e-01
-8.974358974358974672e-01 6.108652381980153034e-01 2.213308694484762418e-01
-8.974358974358974672e-01 6.544984694978736028e-01 2.222798292005978560e-01
-8.974358974358974672e-01 6.981317007977317912e-01 2.236089801186205706e-01
-8.974358974358974672e-01 7.417649320975899796e-01 2.253159339463493560e-01
-8.974358974358974672e-01 7.853981633974482790e-01 2.273918782657562976e-01
-8.974358974358974672e-01 8.290313946973064674e-01 2.298137391050116551e-01
-8.974358974358974672e-01 8.726646259971647668e-01 2.325279418411562715e-01
-8.974358974358974672e-01 9.162978572970229552e-01 2.354158527379565935e-01
-8.974358974358974672e-01 9.599310885968812546e-01 2.382222750961491831e-01
-8.974358974358974672e-01 1.003564319896739443e+00 2.404413185024211197e-01
-8.974358974358974672e-01 1.047197551196597631e+00 2.413249405398384118e-01
-8.461538461538461453e-01 0.000000000000000000e+00 2.915400512114584286e-01
-8.461538461538461453e-01 4.363323129985823695e-02 2.904725643057787798e-01
-8.461538461538461453e-01 8.726646259971647390e-02 2.877917803517549000e-01
-8.461538461538461453e-01 1.308996938995747039e-01 2.844013951052146716e-01
-8.461538461538461453e-01 1.745329251994329478e-01 2.809125651116637368e-01
-8.461538461538461453e-01 2.181661564992911917e-01 2.776335886290682842e-01
-8.461538461538461453e-01 2.617993877991494078e-01 2.747077848081946883e-01
-8.461538461538461453e-01 3.054326190990076517e-01 2.721998761277318879e-01
-8.461538461538461453e-01 3.490658503988658956e-01 2.701377378123202555e-01
-8.461538461538461453e-01 3.926990816987241395e-01 2.685320159758566305e-01
-8.461538461538461453e-01 4.363323129985823834e-01 2.673855958250331288e-01
-8.461538461538461453e-01 4.799655442984406273e-01 2.666983187590235560e-01
-8.461538461538461453e-01 5.235987755982988157e-01 2.664693550105964870e-01
-8.461538461538461453e-01 5.672320068981571151e-01 2.666983187590235560e-01
-8.461538461538461453e-01 6.108652381980153034e-01 2.673855958250331288e-01
-8.461538461538461453e-01 6.544984694978736028e-01 2.685320159758566305e-01
-8.461538461538461453e-01 6.981317007977317912e-01 2.701377378123202555e-01
-8.461538461538461453e-01 7.417649320975899796e-01 2.721998761277318879e-01
-8.461538461538461453e-01 7.853981633974482790e-01 2.747077848081947438e-01
-8.461538461538461453e-01 8.290313946973064674e-01 2.776335886290682842e-01
-8.461538461538461453e-01 8.726646259971647668e-01 2.809125651116637368e-01
-8.461538461538461453e-01 9.162978572970229552e-01 2.844013951052147271e-01
-8.461538461538461453e-01 9.599310885968812546e-01 2.877917803517549000e-01
-8.461538461538461453e-01 1.003564319896739443e+00 2.904725643057787798e-01
-8.461538461538461453e-01 1.047197551196597631e+00 2.915400512114584841e-01
-7.948717948717949344e-01 0.000000000000000000e+00 3.319329501187949227e-01
-7.948717948717949344e-01 4.363323129985823695e-02 3.307175628114831234e-01
-7.948717948717949344e-01 8.726646259971647390e-02 3.276653560124767606e-01
-7.948717948717949344e-01 1.308996938995747039e-01 3.238052326014841942e-01
-7.948717948717949344e-01 1.745329251994329478e-01 3.198330249154042737e-01
-7.948717948717949344e-01 2.181661564992911917e-01 3.160997459620825678e-01
-7.948717948717949344e-01 2.617993877991494078e-01 3.127685717728216908e-01
-7.948717948717949344e-01 3.054326190990076517e-01 3.099131921312411331e-01
-7.948717948717949344e-01 3.490658503988658956e-01 3.075653443767275563e-01
-7.948717948717949344e-01 3.926990816987241395e-01 3.057371496431643410e-01
-7.948717948717949344e-01 4.363323129985823834e-01 3.044318928828763093e-01
-7.948717948717949344e-01 4.799655442984406273e-01 3.036493935208792738e-01
-7.948717948717949344e-01 5.235987755982988157e-01 3.033887068256213015e-01
-7.948717948717949344e-01 5.672320068981571151e-01 3.036493935208792738e-01
-7.948717948717949344e-01 6.108652381980153034e-01 3.044318928828763093e-01
-7.948717948717949344e-01 6.544984694978736028e-01 3.057371496431643410e-01
-7.948717948717949344e-01 6.981317007977317912e-01 3.075653443767275563e-01
-7.948717948717949344e-01 7.417649320975899796e-01 3.099131921312411331e-01
-7.948717948717949344e-01 7.853981633974482790e-01 3.127685717728217463e-01
-7.948717948717949344e-01 8.290313946973064674e-01 3.160997459620825678e-01
-7.948717948717949344e-01 8.726646259971647668e-01 3.198330249154042737e-01
-7.948717948717949344e-01 9.162978572970229552e-01 3.238052326014842497e-01
-7.948717948717949344e-01 9.599310885968812546e-01 3.276653560124767606e-01
-7.948717948717949344e-01 1.003564319896739443e+00 3.307175628114831234e-01
-7.948717948717949344e-01 1.047197551196597631e+00 3.319329501187949782e-01
-7.435897435897436125e-01 0.000000000000000000e+00 3.657722962023181590e-01
-7.435897435897436125e-01 4.363323129985823695e-02 3.644330046194503292e-01
-7.435897435897436125e-01 8.726646259971647390e-02 3.610696365387661699e-01
-7.435897435897436125e-01 1.308996938995747039e-01 3.568159877125264834e-01
-7.435897435897436125e-01 1.745329251994329478e-01 3.524388280306993138e-01
-7.435897435897436125e-01 2.181661564992911917e-01 3.483249549890757857e-01
-7.435897435897436125e-01 2.617993877991494078e-01 3.446541798165002057e-01
-7.435897435897436125e-01 3.054326190990076517e-01 3.415077046995933507e-01
-7.435897435897436125e-01 3.490658503988658956e-01 3.389205024830175828e-01
-7.435897435897436125e-01 3.926990816987241395e-01 3.369059300057715700e-01
-7.435897435897436125e-01 4.363323129985823834e-01 3.354676071090140210e-01
-7.435897435897436125e-01 4.799655442984406273e-01 3.346053348088037227e-01
-7.435897435897436125e-01 5.235987755982988157e-01 3.343180720616742985e-01
-7.435897435897436125e-01 5.672320068981571151e-01 3.346053348088037227e-01
-7.435897435897436125e-01 6.108652381980153034e-01 3.354676071090140210e-01
-7.435897435897436125e-01 6.544984694978736028e-01 3.369059300057715700e-01
-7.435897435897436125e-01 6.981317007977317912e-01 3.389205024830175828e-01
-7.435897435897436125e-01 7.417649320975899796e-01 3.415077046995933507e-01
-7.435897435897436125e-01 7.853981633974482790e-01 3.446541798165002612e-01
-7.435897435897436125e-01 8.290313946973064674e-01 3.483249549890757857e-01
-7.435897435897436125e-01 8.726646259971647668e-01 3.524388280306993138e-01
-7.435897435897436125e-01 9.162978572970229552e-01 3.568159877125265944e-01
-7.435897435897436125e-01 9.599310885968812546e-01 3.610696365387661699e-01
-7.435897435897436125e-01 1.003564319896739443e+00 3.644330046194503292e-01
-7.435897435897436125e-01 1.047197551196597631e+00 3.657722962023182145e-01
-6.923076923076922906e-01 0.000000000000000000e+00 3.947470954219038375e-01
-6.923076923076922906e-01 4.363323129985823695e-02 3.933017113188725378e-01
-6.923076923076922906e-01 8.726646259971647390e-02 3.896719126860355709e-01
-6.923076923076922906e-01 1.308996938995747039e-01 3.850813093611349380e-01
-6.923076923076922906e-01 1.745329251994329478e-01 3.803574112186593470e-01
-6.923076923076922906e-01 2.181661564992911917e-01 3.759176560732420680e-01
-6.923076923076922906e-01 2.617993877991494078e-01 3.719560989723741384e-01
-6.923076923076922906e-01 3.054326190990076517e-01 3.685603745664742248e-01
-6.923076923076922906e-01 3.490658503988658956e-01 3.657682260881282565e-01
-6.923076923076922906e-01 3.926990816987241395e-01 3.635940684436961279e-01
-6.923076923076922906e-01 4.363323129985823834e-01 3.620418082215063338e-01
-6.923076923076922906e-01 4.799655442984406273e-01 3.611112306750250966e-01
-6.923076923076922906e-01 5.235987755982988157e-01 3.608012122941099409e-01
-6.923076923076922906e-01 5.672320068981571151e-01 3.611112306750250966e-01
-6.923076923076922906e-01 6.108652381980153034e-01 3.620418082215063338e-01
-6.923076923076922906e-01 6.544984694978736028e-01 3.635940684436961279e-01
-6.923076923076922906e-01 6.981317007977317912e-01 3.657682260881282565e-01
-6.923076923076922906e-01 7.417649320975899796e-01 3.685603745664742248e-01
-6.923076923076922906e-01 7.853981633974482790e-01 3.719560989723741939e-01
-6.923076923076922906e-01 8.290313946973064674e-01 3.759176560732420680e-01
-6.923076923076922906e-01 8.726646259971647668e-01 3.803574112186593470e-01
-6.923076923076922906e-01 9.162978572970229552e-01 3.850813093611349935e-01
-6.923076923076922906e-01 9.599310885968812546e-01 3.896719126860355709e-01
-6.923076923076922906e-01 1.003564319896739443e+00 3.933017113188725378e-01
-6.923076923076922906e-01 1.047197551196597631e+00 3.947470954219038930e-01
-6.410256410256409687e-01 0.000000000000000000e+00 4.198656611337801547e-01
-6.410256410256409687e-01 4.363323129985823695e-02 4.183283042816344222e-01
-6.410256410256409687e-01 8.726646259971647390e-02 4.144675341317496930e-01
-6.410256410256409687e-01 1.308996938995747039e-01 4.095848213205197652e-01
-6.410256410256409687e-01 1.745329251994329478e-01 4.045603318696238682e-01
-6.410256410256409687e-01 2.181661564992911917e-01 3.998380660163174949e-01
-6.410256410256409687e-01 2.617993877991494078e-01 3.956244269279857728e-01
-6.410256410256409687e-01 3.054326190990076517e-01 3.920126256272378762e-01
-6.410256410256409687e-01 3.490658503988658956e-01 3.890428070258079574e-01
-6.410256410256409687e-01 3.926990816987241395e-01 3.867303032800542550e-01
-6.410256410256409687e-01 4.363323129985823834e-01 3.850792695625172013e-01
-6.410256410256409687e-01 4.799655442984406273e-01 3.840894774619014740e-01
-6.410256410256409687e-01 5.235987755982988157e-01 3.837597319768145110e-01
-6.410256410256409687e-01 5.672320068981571151e-01 3.840894774619014740e-01
-6.410256410256409687e-01 6.108652381980153034e-01 3.850792695625172013e-01
-6.410256410256409687e-01 6.544984694978736028e-01 3.867303032800542550e-01
-6.410256410256409687e-01 6.981317007977317912e-01 3.890428070258079574e-01
-6.410256410256409687e-01 7.417649320975899796e-01 3.920126256272378762e-01
-6.410256410256409687e-01 7.853981633974482790e-01 3.956244269279858838e-01
-6.410256410256409687e-01 8.290313946973064674e-01 3.998380660163174949e-01
-6.410256410256409687e-01 8.726646259971647668e-01 4.045603318696238682e-01
-6.410256410256409687e-01 9.162978572970229552e-01 4.095848213205198207e-01
-6.410256410256409687e-01 9.599310885968812546e-01 4.144675341317496930e-01
-6.410256410256409687e-01 1.003564319896739443e+00 4.183283042816344222e-01
-6.410256410256409687e-01 1.047197551196597631e+00 4.198656611337802103e-01
-5.897435897435897578e-01 0.000000000000000000e+00 4.417862433744924044e-01
-5.897435897435897578e-01 4.363323129985823695e-02 4.401686233324021424e-01
-5.897435897435897578e-01 8.726646259971647390e-02 4.361062879262530001e-01
-5.897435897435897578e-01 1.308996938995747039e-01 4.309686557023535425e-01
-5.897435897435897578e-01 1.745329251994329478e-01 4.256818448843600056e-01
-5.897435897435897578e-01 2.181661564992911917e-01 4.207130363232732817e-01
-5.897435897435897578e-01 2.617993877991494078e-01 4.162794091989611145e-01
-5.897435897435897578e-01 3.054326190990076517e-01 4.124790409474500819e-01
-5.897435897435897578e-01 3.490658503988658956e-01 4.093541723885722461e-01
-5.897435897435897578e-01 3.926990816987241395e-01 4.069209361485157661e-01
-5.897435897435897578e-01 4.363323129985823834e-01 4.051837043354027945e-01
-5.897435897435897578e-01 4.799655442984406273e-01 4.041422366129127086e-01
-5.897435897435897578e-01 5.235987755982988157e-01 4.037952755903492785e-01
-5.897435897435897578e-01 5.672320068981571151e-01 4.041422366129127086e-01
-5.897435897435897578e-01 6.108652381980153034e-01 4.051837043354027945e-01
-5.897435897435897578e-01 6.544984694978736028e-01 4.069209361485157661e-01
-5.897435897435897578e-01 6.981317007977317912e-01 4.093541723885722461e-01
-5.897435897435897578e-01 7.417649320975899796e-01 4.124790409474500819e-01
-5.897435897435897578e-01 7.853981633974482790e-01 4.162794091989612255e-01
-5.897435897435897578e-01 8.290313946973064674e-01 4.207130363232732817e-01
-5.897435897435897578e-01 8.726646259971647668e-01 4.256818448843600056e-01
-5.897435897435897578e-01 9.162978572970229552e-01 4.309686557023535980e-01
-5.897435897435897578e-01 9.599310885968812546e-01 4.361062879262530001e-01
-5.897435897435897578e-01 1.003564319896739443e+00 4.401686233324021424e-01
-5.897435897435897578e-01 1.047197551196597631e+00 4.417862433744925155e-01
-5.384615384615385469e-01 0.000000000000000000e+00 4.609652954951700687e-01
-5.384615384615385469e-01 4.363323129985823695e-02 4.592774504979935113e-01
-5.384615384615385469e-01 8.726646259971647390e-02 4.550387588932197636e-01
-5.384615384615385469e-01 1.308996938995747039e-01 4.496780891309704598e-01
-5.384615384615385469e-01 1.745329251994329478e-01 4.441617645566047212e-01
-5.384615384615385469e-01 2.181661564992911917e-01 4.389772475170401478e-01
-5.384615384615385469e-01 2.617993877991494078e-01 4.343511454866482713e-01
-5.384615384615385469e-01 3.054326190990076517e-01 4.303857936896633429e-01
-5.384615384615385469e-01 3.490658503988658956e-01 4.271252667261615232e-01
-5.384615384615385469e-01 3.926990816987241395e-01 4.245863975802148804e-01
-5.384615384615385469e-01 4.363323129985823834e-01 4.227737481641568595e-01
-5.384615384615385469e-01 4.799655442984406273e-01 4.216870677080627461e-01
-5.384615384615385469e-01 5.235987755982988157e-01 4.213250442347430957e-01
-5.384615384615385469e-01 5.672320068981571151e-01 4.216870677080627461e-01
-5.384615384615385469e-01 6.108652381980153034e-01 4.227737481641568595e-01
-5.384615384615385469e-01 6.544984694978736028e-01 4.245863975802148804e-01
-5.384615384615385469e-01 6.981317007977317912e-01 4.271252667261615232e-01
-5.384615384615385469e-01 7.417649320975899796e-01 4.303857936896633429e-01
-5.384615384615385469e-01 7.853981633974482790e-01 4.343511454866483268e-01
-5.384615384615385469e-01 8.290313946973064674e-01 4.389772475170401478e-01
-5.384615384615385469e-01 8.726646259971647668e-01 4.441617645566047212e-01
-5.384615384615385469e-01 9.162978572970229552e-01 4.496780891309705708e-01
-5.384615384615385469e-01 9.599310885968812546e-01 4.550387588932197636e-01
-5.384615384615385469e-01 1.003564319896739443e+00 4.592774504979935113e-01
-5.384615384615385469e-01 1.047197551196597631e+00 4.609652954951701798e-01
-4.871794871794872250e-01 0.000000000000000000e+00 4.777331157113939852e-01
-4.871794871794872250e-01 4.363323129985823695e-02 4.759838745923356540e-01
-4.871794871794872250e-01 8.726646259971647390e-02 4.715909986715722257e-01
-4.871794871794872250e-01 1.308996938995747039e-01 4.660353321325799714e-01
-4.871794871794872250e-01 1.745329251994329478e-01 4.603183487675824304e-01
-4.871794871794872250e-01 2.181661564992911917e-01 4.549452425858916405e-01
-4.871794871794872250e-01 2.617993877991494078e-01 4.501508640108106696e-01
-4.871794871794872250e-01 3.054326190990076517e-01 4.460412707564411772e-01
-4.871794871794872250e-01 3.490658503988658956e-01 4.426621406562858962e-01
-4.871794871794872250e-01 3.926990816987241395e-01 4.400309190017929195e-01
-4.871794871794872250e-01 4.363323129985823834e-01 4.381523336469114738e-01
-4.871794871794872250e-01 4.799655442984406273e-01 4.370261246998477511e-01
-4.871794871794872250e-01 5.235987755982988157e-01 4.366509324596513086e-01
-4.871794871794872250e-01 5.672320068981571151e-01 4.370261246998477511e-01
-4.871794871794872250e-01 6.108652381980153034e-01 4.381523336469114738e-01
-4.871794871794872250e-01 6.544984694978736028e-01 4.400309190017929195e-01
-4.871794871794872250e-01 6.981317007977317912e-01 4.426621406562858962e-01
-4.871794871794872250e-01 7.417649320975899796e-01 4.460412707564411772e-01
-4.871794871794872250e-01 7.853981633974482790e-01 4.501508640108107806e-01
-4.871794871794872250e-01 8.290313946973064674e-01 4.549452425858916405e-01
-4.871794871794872250e-01 8.726646259971647668e-01 4.603183487675824304e-01
-4.871794871794872250e-01 9.162978572970229552e-01 4.660353321325800824e-01
-4.871794871794872250e-01 9.599310885968812546e-01 4.715909986715722257e-01
-4.871794871794872250e-01 1.003564319896739443e+00 4.759838745923356540e-01
-4.871794871794872250e-01 1.047197551196597631e+00 4.777331157113940963e-01
-4.358974358974359031e-01 0.000000000000000000e+00 4.923361284976414676e-01
-4.358974358974359031e-01 4.363323129985823695e-02 4.905334177956972574e-01
-4.358974358974359031e-01 8.726646259971647390e-02 4.860062635066784709e-01
-4.358974358974359031e-01 1.308996938995747039e-01 4.802807752265573216e-01
-4.358974358974359031e-01 1.745329251994329478e-01 4.743890391001701623e-01
-4.358974358974359031e-01 2.181661564992911917e-01 4.688516915550640651e-01
-4.358974358974359031e-01 2.617993877991494078e-01 4.639107617585342958e-01
-4.358974358974359031e-01 3.054326190990076517e-01 4.596755493229396361e-01
-4.358974358974359031e-01 3.490658503988658956e-01 4.561931283299487383e-01
-4.358974358974359031e-01 3.926990816987241395e-01 4.534814773265152255e-01
-4.358974358974359031e-01 4.363323129985823834e-01 4.515454686843313192e-01
-4.358974358974359031e-01 4.799655442984406273e-01 4.503848345674121290e-01
-4.358974358974359031e-01 5.235987755982988157e-01 4.499981737124165160e-01
-4.358974358974359031e-01 5.672320068981571151e-01 4.503848345674121290e-01
-4.358974358974359031e-01 6.108652381980153034e-01 4.515454686843313192e-01
-4.358974358974359031e-01 6.544984694978736028e-01 4.534814773265152255e-01
-4.358974358974359031e-01 6.981317007977317912e-01 4.561931283299487383e-01
-4.358974358974359031e-01 7.417649320975899796e-01 4.596755493229396361e-01
-4.358974358974359031e-01 7.853981633974482790e-01 4.639107617585344068e-01
-4.358974358974359031e-01 8.290313946973064674e-01 4.688516915550640651e-01
-4.358974358974359031e-01 8.726646259971647668e-01 4.743890391001701623e-01
-4.358974358974359031e-01 9.162978572970229552e-01 4.802807752265573771e-01
-4.358974358974359031e-01 9.599310885968812546e-01 4.860062635066784709e-01
-4.358974358974359031e-01 1.003564319896739443e+00 4.905334177956972574e-01
-4.358974358974359031e-01 1.047197551196597631e+00 4.923361284976415786e-01
-3.846153846153845812e-01 0.000000000000000000e+00 5.049621811394784388e-01
-3.846153846153845812e-01 4.363323129985823695e-02 5.031132395824268189e-01
-3.846153846153845812e-01 8.726646259971647390e-02 4.984699855699420423e-01
-3.846153846153845812e-01 1.308996938995747039e-01 4.925976660657024886e-01
-3.846153846153845812e-01 1.745329251994329478e-01 4.865548352579021074e-01
-3.846153846153845812e-01 2.181661564992911917e-01 4.808754813932232253e-01
-3.846153846153845812e-01 2.617993877991494078e-01 4.758078405224910323e-01
-3.846153846153845812e-01 3.054326190990076517e-01 4.714640152671865092e-01
-3.846153846153845812e-01 3.490658503988658956e-01 4.678922869326589407e-01
-3.846153846153845812e-01 3.926990816987241395e-01 4.651110951290812201e-01
-3.846153846153845812e-01 4.363323129985823834e-01 4.631254371810341608e-01
-3.846153846153845812e-01 4.799655442984406273e-01 4.619350383838286556e-01
-3.846153846153845812e-01 5.235987755982988157e-01 4.615384615384615641e-01
-3.846153846153845812e-01 5.672320068981571151e-01 4.619350383838286556e-01
-3.846153846153845812e-01 6.108652381980153034e-01 4.631254371810341608e-01
-3.846153846153845812e-01 6.544984694978736028e-01 4.651110951290812201e-01
-3.846153846153845812e-01 6.981317007977317912e-01 4.678922869326589407e-01
-3.846153846153845812e-01 7.417649320975899796e-01 4.714640152671865092e-01
-3.846153846153845812e-01 7.853981633974482790e-01 4.758078405224911434e-01
-3.846153846153845812e-01 8.290313946973064674e-01 4.808754813932232253e-01
-3.846153846153845812e-01 8.726646259971647668e-01 4.865548352579021074e-01
-3.846153846153845812e-01 9.162978572970229552e-01 4.925976660657025441e-01
-3.846153846153845812e-01 9.599310885968812546e-01 4.984699855699420423e-01
-3.846153846153845812e-01 1.003564319896739443e+00 5.031132395824268189e-01
-3.846153846153845812e-01 1.047197551196597631e+00 5.049621811394785498e-01
-3.333333333333333703e-01 0.000000000000000000e+00 5.157564858715749656e-01
-3.333333333333333703e-01 4.363323129985823695e-02 5.138680204861176826e-01
-3.333333333333333703e-01 8.726646259971647390e-02 5.091255101320071308e-01
-3.333333333333333703e-01 1.308996938995747039e-01 5.031276612147134175e-01
-3.333333333333333703e-01 1.745329251994329478e-01 4.969556560655064570e-01
-3.333333333333333703e-01 2.181661564992911917e-01 4.911548977103796232e-01
-3.333333333333333703e-01 2.617993877991494078e-01 4.859789286085944293e-01
-3.333333333333333703e-01 3.054326190990076517e-01 4.815422477390279843e-01
-3.333333333333333703e-01 3.490658503988658956e-01 4.778941684905049780e-01
-3.333333333333333703e-01 3.926990816987241395e-01 4.750535246468189920e-01
-3.333333333333333703e-01 4.363323129985823834e-01 4.730254203576686467e-01
-3.333333333333333703e-01 4.799655442984406273e-01 4.718095750461503424e-01
-3.333333333333333703e-01 5.235987755982988157e-01 4.714045207910316782e-01
-3.333333333333333703e-01 5.672320068981571151e-01 4.718095750461503424e-01
-3.333333333333333703e-01 6.108652381980153034e-01 4.730254203576686467e-01
-3.333333333333333703e-01 6.544984694978736028e-01 4.750535246468189920e-01
-3.333333333333333703e-01 6.981317007977317912e-01 4.778941684905049780e-01
-3.333333333333333703e-01 7.417649320975899796e-01 4.815422477390279843e-01
-3.333333333333333703e-01 7.853981633974482790e-01 4.859789286085945403e-01
-3.333333333333333703e-01 8.290313946973064674e-01 4.911548977103796232e-01
-3.333333333333333703e-01 8.726646259971647668e-01 4.969556560655064570e-01
-3.333333333333333703e-01 9.162978572970229552e-01 5.031276612147135285e-01
-3.333333333333333703e-01 9.599310885968812546e-01 5.091255101320071308e-01
-3.333333333333333703e-01 1.003564319896739443e+00 5.138680204861176826e-01
-3.333333333333333703e-01 1.047197551196597631e+00 5.157564858715750766e-01
-2.820512820512820484e-01 0.000000000000000000e+00 5.248320764172251796e-01
-2.820512820512820484e-01 4.363323129985823695e-02 5.229103803520430693e-01
-2.820512820512820484e-01 8.726646259971647390e-02 5.180844176646870469e-01
-2.820512820512820484e-01 1.308996938995747039e-01 5.119810266506497065e-01
-2.820512820512820484e-01 1.745329251994329478e-01 5.057004148370298768e-01
-2.820512820512820484e-01 2.181661564992911917e-01 4.997975825203967992e-01
-2.820512820512820484e-01 2.617993877991494078e-01 4.945305336599822299e-01
-2.820512820512820484e-01 3.054326190990076517e-01 4.900157820340473314e-01
-2.820512820512820484e-01 3.490658503988658956e-01 4.863035087822599745e-01
-2.820512820512820484e-01 3.926990816987241395e-01 4.834128791000677494e-01
-2.820512820512820484e-01 4.363323129985823834e-01 4.813490869531464877e-01
-2.820512820512820484e-01 4.799655442984406273e-01 4.801118468273767870e-01
-2.820512820512820484e-01 5.235987755982988157e-01 4.796996649710181249e-01
-2.820512820512820484e-01 5.672320068981571151e-01 4.801118468273767870e-01
-2.820512820512820484e-01 6.108652381980153034e-01 4.813490869531464877e-01
-2.820512820512820484e-01 6.544984694978736028e-01 4.834128791000677494e-01
-2.820512820512820484e-01 6.981317007977317912e-01 4.863035087822599745e-01
-2.820512820512820484e-01 7.417649320975899796e-01 4.900157820340473314e-01
-2.820512820512820484e-01 7.853981633974482790e-01 4.945305336599823409e-01
-2.820512820512820484e-01 8.290313946973064674e-01 4.997975825203967992e-01
-2.820512820512820484e-01 8.726646259971647668e-01 5.057004148370298768e-01
-2.820512820512820484e-01 9.162978572970229552e-01 5.119810266506498175e-01
-2.820512820512820484e-01 9.599310885968812546e-01 5.180844176646870469e-01
-2.820512820512820484e-01 1.003564319896739443e+00 5.229103803520430693e-01
-2.820512820512820484e-01 1.047197551196597631e+00 5.248320764172252906e-01
-2.307692307692308376e-01 0.000000000000000000e+00 5.322768748824237006e-01
-2.307692307692308376e-01 4.363323129985823695e-02 5.303279193554832904e-01
-2.307692307692308376e-01 8.726646259971647390e-02 5.254334998774273791e-01
-2.307692307692308376e-01 1.308996938995747039e-01 5.192435316168847459e-01
-2.307692307692308376e-01 1.745329251994329478e-01 5.128738286609899610e-01
-2.307692307692308376e-01 2.181661564992911917e-01 5.068872640441682842e-01
-2.307692307692308376e-01 2.617993877991494078e-01 5.015455015390773985e-01
-2.307692307692308376e-01 3.054326190990076517e-01 4.969667076842358422e-01
-2.307692307692308376e-01 3.490658503988658956e-01 4.932017754440802260e-01
-2.307692307692308376e-01 3.926990816987241395e-01 4.902701418743811157e-01
-2.307692307692308376e-01 4.363323129985823834e-01 4.881770746177661047e-01
-2.307692307692308376e-01 4.799655442984406273e-01 4.869222841100679933e-01
-2.307692307692308376e-01 5.235987755982988157e-01 4.865042554105198924e-01
-2.307692307692308376e-01 5.672320068981571151e-01 4.869222841100679933e-01
-2.307692307692308376e-01 6.108652381980153034e-01 4.881770746177661047e-01
-2.307692307692308376e-01 6.544984694978736028e-01 4.902701418743811157e-01
-2.307692307692308376e-01 6.981317007977317912e-01 4.932017754440802260e-01
-2.307692307692308376e-01 7.417649320975899796e-01 4.969667076842358422e-01
-2.307692307692308376e-01 7.853981633974482790e-01 5.015455015390775095e-01
-2.307692307692308376e-01 8.290313946973064674e-01 5.068872640441682842e-01
-2.307692307692308376e-01 8.726646259971647668e-01 5.128738286609899610e-01
-2.307692307692308376e-01 9.162978572970229552e-01 5.192435316168848569e-01
-2.307692307692308376e-01 9.599310885968812546e-01 5.254334998774273791e-01
-2.307692307692308376e-01 1.003564319896739443e+00 5.303279193554832904e-01
-2.307692307692308376e-01 1.047197551196597631e+00 5.322768748824238116e-01
-1.794871794871795156e-01 0.000000000000000000e+00 5.381585658643240899e-01
-1.794871794871795156e-01 4.363323129985823695e-02 5.361880742634193009e-01
-1.794871794871795156e-01 8.726646259971647390e-02 5.312395711603475901e-01
-1.794871794871795156e-01 1.308996938995747039e-01 5.249812033840373093e-01
-1.794871794871795156e-01 1.745329251994329478e-01 5.185411148333497477e-01
-1.794871794871795156e-01 2.181661564992911917e-01 5.124883983230663631e-01
-1.794871794871795156e-01 2.617993877991494078e-01 5.070876090260252322e-01
-1.794871794871795156e-01 3.054326190990076517e-01 5.024582192279916093e-01
-1.794871794871795156e-01 3.490658503988658956e-01 4.986516842636724012e-01
-1.794871794871795156e-01 3.926990816987241395e-01 4.956876559694552431e-01
-1.794871794871795156e-01 4.363323129985823834e-01 4.935714601957306713e-01
-1.794871794871795156e-01 4.799655442984406273e-01 4.923028041786303155e-01
-1.794871794871795156e-01 5.235987755982988157e-01 4.918801562372019931e-01
-1.794871794871795156e-01 5.672320068981571151e-01 4.923028041786303155e-01
-1.794871794871795156e-01 6.108652381980153034e-01 4.935714601957306713e-01
-1.794871794871795156e-01 6.544984694978736028e-01 4.956876559694552431e-01
-1.794871794871795156e-01 6.981317007977317912e-01 4.986516842636724012e-01
-1.794871794871795156e-01 7.417649320975899796e-01 5.024582192279916093e-01
-1.794871794871795156e-01 7.853981633974482790e-01 5.070876090260253433e-01
-1.794871794871795156e-01 8.290313946973064674e-01 5.124883983230663631e-01
-1.794871794871795156e-01 8.726646259971647668e-01 5.185411148333497477e-01
-1.794871794871795156e-01 9.162978572970229552e-01 5.249812033840374204e-01
-1.794871794871795156e-01 9.599310885968812546e-01 5.312395711603475901e-01
-1.794871794871795156e-01 1.003564319896739443e+00 5.361880742634193009e-01
-1.794871794871795156e-01 1.047197551196597631e+00 5.381585658643242009e-01
-1.282051282051281937e-01 0.000000000000000000e+00 5.425279899434277686e-01
-1.282051282051281937e-01 4.363323129985823695e-02 5.405414995012988166e-01
-1.282051282051281937e-01 8.726646259971647390e-02 5.355528184469957598e-01
-1.282051282051281937e-01 1.308996938995747039e-01 5.292436376490367023e-01
-1.282051282051281937e-01 1.745329251994329478e-01 5.227512606470080536e-01
-1.282051282051281937e-01 2.181661564992911917e-01 5.166494008415297712e-01
-1.282051282051281937e-01 2.617993877991494078e-01 5.112047613852650496e-01
-1.282051282051281937e-01 3.054326190990076517e-01 5.065377845849273752e-01
-1.282051282051281937e-01 3.490658503988658956e-01 5.027003435520512875e-01
-1.282051282051281937e-01 3.926990816987241395e-01 4.997122496804720648e-01
-1.282051282051281937e-01 4.363323129985823834e-01 4.975788720622943417e-01
-1.282051282051281937e-01 4.799655442984406273e-01 4.962999155566375498e-01
-1.282051282051281937e-01 5.235987755982988157e-01 4.958738360465055339e-01
-1.282051282051281937e-01 5.672320068981571151e-01 4.962999155566375498e-01
-1.282051282051281937e-01 6.108652381980153034e-01 4.975788720622943417e-01
-1.282051282051281937e-01 6.544984694978736028e-01 4.997122496804720648e-01
-1.282051282051281937e-01 6.981317007977317912e-01 5.027003435520512875e-01
-1.282051282051281937e-01 7.417649320975899796e-01 5.065377845849273752e-01
-1.282051282051281937e-01 7.853981633974482790e-01 5.112047613852651606e-01
-1.282051282051281937e-01 8.290313946973064674e-01 5.166494008415297712e-01
-1.282051282051281937e-01 8.726646259971647668e-01 5.227512606470080536e-01
-1.282051282051281937e-01 9.162978572970229552e-01 5.292436376490368133e-01
-1.282051282051281937e-01 9.599310885968812546e-01 5.355528184469957598e-01
-1.282051282051281937e-01 1.003564319896739443e+00 5.405414995012988166e-01
-1.282051282051281937e-01 1.047197551196597631e+00 5.425279899434277686e-01
-7.692307692307698286e-02 0.000000000000000000e+00 5.454214930779033299e-01
-7.692307692307698286e-02 4.363323129985823695e-02 5.434244079449429554e-01
-7.692307692307698286e-02 8.726646259971647390e-02 5.384091204029836097e-01
-7.692307692307698286e-02 1.308996938995747039e-01 5.320662904021203898e-01
-7.692307692307698286e-02 1.745329251994329478e-01 5.255392871438362423e-01
-7.692307692307698286e-02 2.181661564992911917e-01 5.194048838552555170e-01
-7.692307692307698286e-02 2.617993877991494078e-01 5.139312061159440059e-01
-7.692307692307698286e-02 3.054326190990076517e-01 5.092393385961400121e-01
-7.692307692307698286e-02 3.490658503988658956e-01 5.053814310659351383e-01
-7.692307692307698286e-02 3.926990816987241395e-01 5.023774005806810328e-01
-7.692307692307698286e-02 4.363323129985823834e-01 5.002326448678434678e-01
-7.692307692307698286e-02 4.799655442984406273e-01 4.989468672124458548e-01
-7.692307692307698286e-02 5.235987755982988157e-01 4.985185152621430804e-01
-7.692307692307698286e-02 5.672320068981571151e-01 4.989468672124458548e-01
-7.692307692307698286e-02 6.108652381980153034e-01 5.002326448678434678e-01
-7.692307692307698286e-02 6.544984694978736028e-01 5.023774005806810328e-01
-7.692307692307698286e-02 6.981317007977317912e-01 5.053814310659351383e-01
-7.692307692307698286e-02 7.417649320975899796e-01 5.092393385961400121e-01
-7.692307692307698286e-02 7.853981633974482790e-01 5.139312061159441170e-01
-7.692307692307698286e-02 8.290313946973064674e-01 5.194048838552555170e-01
-7.692307692307698286e-02 8.726646259971647668e-01 5.255392871438362423e-01
-7.692307692307698286e-02 9.162978572970229552e-01 5.320662904021205009e-01
-7.692307692307698286e-02 9.599310885968812546e-01 5.384091204029836097e-01
-7.692307692307698286e-02 1.003564319896739443e+00 5.434244079449429554e-01
-7.692307692307698286e-02 1.047197551196597631e+00 5.454214930779034409e-01
-2.564102564102566095e-02 0.000000000000000000e+00 5.468625034969630816e-01
-2.564102564102566095e-02 4.363323129985823695e-02 5.448601420400571715e-01
-2.564102564102566095e-02 8.726646259971647390e-02 5.398316040455685139e-01
-2.564102564102566095e-02 1.308996938995747039e-01 5.334720162083648187e-01
-2.564102564102566095e-02 1.745329251994329478e-01 5.269277685256863464e-01
-2.564102564102566095e-02 2.181661564992911917e-01 5.207771580667506228e-01
-2.564102564102566095e-02 2.617993877991494078e-01 5.152890188022645201e-01
-2.564102564102566095e-02 3.054326190990076517e-01 5.105847553096822811e-01
-2.564102564102566095e-02 3.490658503988658956e-01 5.067166551394415297e-01
-2.564102564102566095e-02 3.926990816987241395e-01 5.037046879680036060e-01
-2.564102564102566095e-02 4.363323129985823834e-01 5.015542657836981055e-01
-2.564102564102566095e-02 4.799655442984406273e-01 5.002650910876236257e-01
-2.564102564102566095e-02 5.235987755982988157e-01 4.998356074261007254e-01
-2.564102564102566095e-02 5.672320068981571151e-01 5.002650910876236257e-01
-2.564102564102566095e-02 6.108652381980153034e-01 5.015542657836981055e-01
-2.564102564102566095e-02 6.544984694978736028e-01 5.037046879680036060e-01
-2.564102564102566095e-02 6.981317007977317912e-01 5.067166551394415297e-01
-2.564102564102566095e-02 7.417649320975899796e-01 5.105847553096822811e-01
-2.564102564102566095e-02 7.853981633974482790e-01 5.152890188022646312e-01
-2.564102564102566095e-02 8.290313946973064674e-01 5.207771580667506228e-01
-2.564102564102566095e-02 8.726646259971647668e-01 5.269277685256863464e-01
-2.564102564102566095e-02 9.162978572970229552e-01 5.334720162083649297e-01
-2.564102564102566095e-02 9.599310885968812546e-01 5.398316040455685139e-01
-2.564102564102566095e-02 1.003564319896739443e+00 5.448601420400571715e-01
-2.564102564102566095e-02 1.047197551196597631e+00 5.468625034969631926e-01
2.564102564102554993e-02 0.000000000000000000e+00 5.468625034969630816e-01
2.564102564102554993e-02 4.363323129985823695e-02 5.448601420400571715e-01
2.564102564102554993e-02 8.726646259971647390e-02 5.398316040455685139e-01
2.564102564102554993e-02 1.308996938995747039e-01 5.334720162083648187e-01
2.564102564102554993e-02 1.745329251994329478e-01 5.269277685256863464e-01
2.564102564102554993e-02 2.181661564992911917e-01 5.207771580667506228e-01
2.564102564102554993e-02 2.617993877991494078e-01 5.152890188022645201e-01
2.564102564102554993e-02 3.054326190990076517e-01 5.105847553096822811e-01
2.564102564102554993e-02 3.490658503988658956e-01 5.067166551394415297e-01
2.564102564102554993e-02 3.926990816987241395e-01 5.037046879680036060e-01
2.564102564102554993e-02 4.363323129985823834e-01 5.015542657836981055e-01
2.564102564102554993e-02 4.799655442984406273e-01 5.002650910876236257e-01
2.564102564102554993e-02 5.235987755982988157e-01 4.998356074261007254e-01
2.564102564102554993e-02 5.672320068981571151e-01 5.002650910876236257e-01
2.564102564102554993e-02 6.108652381980153034e-01 5.015542657836981055e-01
2.564102564102554993e-02 6.544984694978736028e-01 5.037046879680036060e-01
2.564102564102554993e-02 6.981317007977317912e-01 5.067166551394415297e-01
2.564102564102554993e-02 7.417649320975899796e-01 5.105847553096822811e-01
2.564102564102554993e-02 7.853981633974482790e-01 5.152890188022646312e-01
2.564102564102554993e-02 8.290313946973064674e-01 5.207771580667506228e-01
2.564102564102554993e-02 8.726646259971647668e-01 5.269277685256863464e-01
2.564102564102554993e-02 9.162978572970229552e-01 5.334720162083649297e-01
2.564102564102554993e-02 9.599310885968812546e-01 5.398316040455685139e-01
2.564102564102554993e-02 1.003564319896739443e+00 5.448601420400571715e-01
2.564102564102554993e-02 1.047197551196597631e+00 5.468625034969631926e-01
7.692307692307687184e-02 0.000000000000000000e+00 5.454214930779033299e-01
7.692307692307687184e-02 4.363323129985823695e-02 5.434244079449429554e-01
7.692307692307687184e-02 8.726646259971647390e-02 5.384091204029836097e-01
7.692307692307687184e-02 1.308996938995747039e-01 5.320662904021203898e-01
7.692307692307687184e-02 1.745329251994329478e-01 5.255392871438362423e-01
7.692307692307687184e-02 2.181661564992911917e-01 5.194048838552555170e-01
7.692307692307687184e-02 2.617993877991494078e-01 5.139312061159440059e-01
7.692307692307687184e-02 3.054326190990076517e-01 5.092393385961400121e-01
7.692307692307687184e-02 3.490658503988658956e-01 5.053814310659351383e-01
7.692307692307687184e-02 3.926990816987241395e-01 5.023774005806810328e-01
7.692307692307687184e-02 4.363323129985823834e-01 5.002326448678434678e-01
7.692307692307687184e-02 4.799655442984406273e-01 4.989468672124458548e-01
7.692307692307687184e-02 5.235987755982988157e-01 4.985185152621430804e-01
7.692307692307687184e-02 5.672320068981571151e-01 4.989468672124458548e-01
7.692307692307687184e-02 6.108652381980153034e-01 5.002326448678434678e-01
7.692307692307687184e-02 6.544984694978736028e-01 5.023774005806810328e-01
7.692307692307687184e-02 6.981317007977317912e-01 5.053814310659351383e-01
7.692307692307687184e-02 7.417649320975899796e-01 5.092393385961400121e-01
7.692307692307687184e-02 7.853981633974482790e-01 5.139312061159441170e-01
7.692307692307687184e-02 8.290313946973064674e-01 5.194048838552555170e-01
7.692307692307687184e-02 8.726646259971647668e-01 5.255392871438362423e-01
7.692307692307687184e-02 9.162978572970229552e-01 5.320662904021205009e-01
7.692307692307687184e-02 9.599310885968812546e-01 5.384091204029836097e-01
7.692307692307687184e-02 1.003564319896739443e+00 5.434244079449429554e-01
7.692307692307687184e-02 1.047197551196597631e+00 5.454214930779034409e-01
1.282051282051281937e-01 0.000000000000000000e+00 5.425279899434277686e-01
1.282051282051281937e-01 4.363323129985823695e-02 5.405414995012988166e-01
1.282051282051281937e-01 8.726646259971647390e-02 5.355528184469957598e-01
1.282051282051281937e-01 1.308996938995747039e-01 5.292436376490367023e-01
1.282051282051281937e-01 1.745329251994329478e-01 5.227512606470080536e-01
1.282051282051281937e-01 2.181661564992911917e-01 5.166494008415297712e-01
1.282051282051281937e-01 2.617993877991494078e-01 5.112047613852650496e-01
1.282051282051281937e-01 3.054326190990076517e-01 5.065377845849273752e-01
1.282051282051281937e-01 3.490658503988658956e-01 5.027003435520512875e-01
1.282051282051281937e-01 3.926990816987241395e-01 4.997122496804720648e-01
1.282051282051281937e-01 4.363323129985823834e-01 4.975788720622943417e-01
1.282051282051281937e-01 4.799655442984406273e-01 4.962999155566375498e-01
1.282051282051281937e-01 5.235987755982988157e-01 4.958738360465055339e-01
1.282051282051281937e-01 5.672320068981571151e-01 4.962999155566375498e-01
1.282051282051281937e-01 6.108652381980153034e-01 4.975788720622943417e-01
1.282051282051281937e-01 6.544984694978736028e-01 4.997122496804720648e-01
1.282051282051281937e-01 6.981317007977317912e-01 5.027003435520512875e-01
1.282051282051281937e-01 7.417649320975899796e-01 5.065377845849273752e-01
1.282051282051281937e-01 7.853981633974482790e-01 5.112047613852651606e-01
1.282051282051281937e-01 8.290313946973064674e-01 5.166494008415297712e-01
1.282051282051281937e-01 8.726646259971647668e-01 5.227512606470080536e-01
1.282051282051281937e-01 9.162978572970229552e-01 5.292436376490368133e-01
1.282051282051281937e-01 9.599310885968812546e-01 5.355528184469957598e-01
1.282051282051281937e-01 1.003564319896739443e+00 5.405414995012988166e-01
1.282051282051281937e-01 1.047197551196597631e+00 5.425279899434277686e-01
1.794871794871795156e-01 0.000000000000000000e+00 5.381585658643240899e-01
1.794871794871795156e-01 4.363323129985823695e-02 5.361880742634193009e-01
1.794871794871795156e-01 8.726646259971647390e-02 5.312395711603475901e-01
1.794871794871795156e-01 1.308996938995747039e-01 5.249812033840373093e-01
1.794871794871795156e-01 1.745329251994329478e-01 5.185411148333497477e-01
1.794871794871795156e-01 2.181661564992911917e-01 5.124883983230663631e-01
1.794871794871795156e-01 2.617993877991494078e-01 5.070876090260252322e-01
1.794871794871795156e-01 3.054326190990076517e-01 5.024582192279916093e-01
1.794871794871795156e-01 3.490658503988658956e-01 4.986516842636724012e-01
1.794871794871795156e-01 3.926990816987241395e-01 4.956876559694552431e-01
1.794871794871795156e-01 4.363323129985823834e-01 4.935714601957306713e-01
1.794871794871795156e-01 4.799655442984406273e-01 4.923028041786303155e-01
1.794871794871795156e-01 5.235987755982988157e-01 4.918801562372019931e-01
1.794871794871795156e-01 5.672320068981571151e-01 4.923028041786303155e-01
1.794871794871795156e-01 6.108652381980153034e-01 4.935714601957306713e-01
1.794871794871795156e-01 6.544984694978736028e-01 4.956876559694552431e-01
1.794871794871795156e-01 6.981317007977317912e-01 4.986516842636724012e-01
1.794871794871795156e-01 7.417649320975899796e-01 5.024582192279916093e-01
1.794871794871795156e-01 7.853981633974482790e-01 5.070876090260253433e-01
1.794871794871795156e-01 8.290313946973064674e-01 5.124883983230663631e-01
1.794871794871795156e-01 8.726646259971647668e-01 5.185411148333497477e-01
1.794871794871795156e-01 9.162978572970229552e-01 5.249812033840374204e-01
1.794871794871795156e-01 9.599310885968812546e-01 5.312395711603475901e-01
1.794871794871795156e-01 1.003564319896739443e+00 5.361880742634193009e-01
1.794871794871795156e-01 1.047197551196597631e+00 5.381585658643242009e-01
2.307692307692308376e-01 0.000000000000000000e+00 5.322768748824237006e-01
2.307692307692308376e-01 4.363323129985823695e-02 5.303279193554832904e-01
2.307692307692308376e-01 8.726646259971647390e-02 5.254334998774273791e-01
2.307692307692308376e-01 1.308996938995747039e-01 5.192435316168847459e-01
2.307692307692308376e-01 1.745329251994329478e-01 5.128738286609899610e-01
2.307692307692308376e-01 2.181661564992911917e-01 5.068872640441682842e-01
2.307692307692308376e-01 2.617993877991494078e-01 5.015455015390773985e-01
2.307692307692308376e-01 3.054326190990076517e-01 4.969667076842358422e-01
2.307692307692308376e-01 3.490658503988658956e-01 4.932017754440802260e-01
2.307692307692308376e-01 3.926990816987241395e-01 4.902701418743811157e-01
2.307692307692308376e-01 4.363323129985823834e-01 4.881770746177661047e-01
2.307692307692308376e-01 4.799655442984406273e-01 4.869222841100679933e-01
2.307692307692308376e-01 5.235987755982988157e-01 4.865042554105198924e-01
2.307692307692308376e-01 5.672320068981571151e-01 4.869222841100679933e-01
2.307692307692308376e-01 6.108652381980153034e-01 4.881770746177661047e-01
2.307692307692308376e-01 6.544984694978736028e-01 4.902701418743811157e-01
2.307692307692308376e-01 6.981317007977317912e-01 4.932017754440802260e-01
2.307692307692308376e-01 7.417649320975899796e-01 4.969667076842358422e-01
2.307692307692308376e-01 7.853981633974482790e-01 5.015455015390775095e-01
2.307692307692308376e-01 8.290313946973064674e-01 5.068872640441682842e-01
2.307692307692308376e-01 8.726646259971647668e-01 5.128738286609899610e-01
2.307692307692308376e-01 9.162978572970229552e-01 5.192435316168848569e-01
2.307692307692308376e-01 9.599310885968812546e-01 5.254334998774273791e-01
2.307692307692308376e-01 1.003564319896739443e+00 5.303279193554832904e-01
2.307692307692308376e-01 1.047197551196597631e+00 5.322768748824238116e-01
2.820512820512819374e-01 0.000000000000000000e+00 5.248320764172251796e-01
2.820512820512819374e-01 4.363323129985823695e-02 5.229103803520430693e-01
2.820512820512819374e-01 8.726646259971647390e-02 5.180844176646871579e-01
2.820512820512819374e-01 1.308996938995747039e-01 5.119810266506497065e-01
2.820512820512819374e-01 1.745329251994329478e-01 5.057004148370298768e-01
2.820512820512819374e-01 2.181661564992911917e-01 4.997975825203968547e-01
2.820512820512819374e-01 2.617993877991494078e-01 4.945305336599822854e-01
2.820512820512819374e-01 3.054326190990076517e-01 4.900157820340473869e-01
2.820512820512819374e-01 3.490658503988658956e-01 4.863035087822600300e-01
2.820512820512819374e-01 3.926990816987241395e-01 4.834128791000678049e-01
2.820512820512819374e-01 4.363323129985823834e-01 4.813490869531465433e-01
2.820512820512819374e-01 4.799655442984406273e-01 4.801118468273768425e-01
2.820512820512819374e-01 5.235987755982988157e-01 4.796996649710181804e-01
2.820512820512819374e-01 5.672320068981571151e-01 4.801118468273768425e-01
2.820512820512819374e-01 6.108652381980153034e-01 4.813490869531465433e-01
2.820512820512819374e-01 6.544984694978736028e-01 4.834128791000678049e-01
2.820512820512819374e-01 6.981317007977317912e-01 4.863035087822600300e-01
2.820512820512819374e-01 7.417649320975899796e-01 4.900157820340473869e-01
2.820512820512819374e-01 7.853981633974482790e-01 4.945305336599823964e-01
2.820512820512819374e-01 8.290313946973064674e-01 4.997975825203968547e-01
2.820512820512819374e-01 8.726646259971647668e-01 5.057004148370298768e-01
2.820512820512819374e-01 9.162978572970229552e-01 5.119810266506498175e-01
2.820512820512819374e-01 9.599310885968812546e-01 5.180844176646871579e-01
2.820512820512819374e-01 1.003564319896739443e+00 5.229103803520430693e-01
2.820512820512819374e-01 1.047197551196597631e+00 5.248320764172252906e-01
3.333333333333332593e-01 0.000000000000000000e+00 5.157564858715749656e-01
3.333333333333332593e-01 4.363323129985823695e-02 5.138680204861176826e-01
3.333333333333332593e-01 8.726646259971647390e-02 5.091255101320071308e-01
3.333333333333332593e-01 1.308996938995747039e-01 5.031276612147134175e-01
3.333333333333332593e-01 1.745329251994329478e-01 4.969556560655064570e-01
3.333333333333332593e-01 2.181661564992911917e-01 4.911548977103796232e-01
3.333333333333332593e-01 2.617993877991494078e-01 4.859789286085944293e-01
3.333333333333332593e-01 3.054326190990076517e-01 4.815422477390279843e-01
3.333333333333332593e-01 3.490658503988658956e-01 4.778941684905049780e-01
3.333333333333332593e-01 3.926990816987241395e-01 4.750535246468189920e-01
3.333333333333332593e-01 4.363323129985823834e-01 4.730254203576686467e-01
3.333333333333332593e-01 4.799655442984406273e-01 4.718095750461503424e-01
3.333333333333332593e-01 5.235987755982988157e-01 4.714045207910316782e-01
3.333333333333332593e-01 5.672320068981571151e-01 4.718095750461503424e-01
3.333333333333332593e-01 6.108652381980153034e-01 4.730254203576686467e-01
3.333333333333332593e-01 6.544984694978736028e-01 4.750535246468189920e-01
3.333333333333332593e-01 6.981317007977317912e-01 4.778941684905049780e-01
3.333333333333332593e-01 7.417649320975899796e-01 4.815422477390279843e-01
3.333333333333332593e-01 7.853981633974482790e-01 4.859789286085945403e-01
3.333333333333332593e-01 8.290313946973064674e-01 4.911548977103796232e-01
3.333333333333332593e-01 8.726646259971647668e-01 4.969556560655064570e-01
3.333333333333332593e-01 9.162978572970229552e-01 5.031276612147135285e-01
3.333333333333332593e-01 9.599310885968812546e-01 5.091255101320071308e-01
3.333333333333332593e-01 1.003564319896739443e+00 5.138680204861176826e-01
3.333333333333332593e-01 1.047197551196597631e+00 5.157564858715750766e-01
3.846153846153845812e-01 0.000000000000000000e+00 5.049621811394784388e-01
3.846153846153845812e-01 4.363323129985823695e-02 5.031132395824268189e-01
3.846153846153845812e-01 8.726646259971647390e-02 4.984699855699420423e-01
3.846153846153845812e-01 1.308996938995747039e-01 4.925976660657024886e-01
3.846153846153845812e-01 1.745329251994329478e-01 4.865548352579021074e-01
3.846153846153845812e-01 2.181661564992911917e-01 4.808754813932232253e-01
3.846153846153845812e-01 2.617993877991494078e-01 4.758078405224910323e-01
3.846153846153845812e-01 3.054326190990076517e-01 4.714640152671865092e-01
3.846153846153845812e-01 3.490658503988658956e-01 4.678922869326589407e-01
3.846153846153845812e-01 3.926990816987241395e-01 4.651110951290812201e-01
3.846153846153845812e-01 4.363323129985823834e-01 4.631254371810341608e-01
3.846153846153845812e-01 4.799655442984406273e-01 4.619350383838286556e-01
3.846153846153845812e-01 5.235987755982988157e-01 4.615384615384615641e-01
3.846153846153845812e-01 5.672320068981571151e-01 4.619350383838286556e-01
3.846153846153845812e-01 6.108652381980153034e-01 4.631254371810341608e-01
3.846153846153845812e-01 6.544984694978736028e-01 4.651110951290812201e-01
3.846153846153845812e-01 6.981317007977317912e-01 4.678922869326589407e-01
3.846153846153845812e-01 7.417649320975899796e-01 4.714640152671865092e-01
3.846153846153845812e-01 7.853981633974482790e-01 4.758078405224911434e-01
3.846153846153845812e-01 8.290313946973064674e-01 4.808754813932232253e-01
3.846153846153845812e-01 8.726646259971647668e-01 4.865548352579021074e-01
3.846153846153845812e-01 9.162978572970229552e-01 4.925976660657025441e-01
3.846153846153845812e-01 9.599310885968812546e-01 4.984699855699420423e-01
3.846153846153845812e-01 1.003564319896739443e+00 5.031132395824268189e-01
3.846153846153845812e-01 1.047197551196597631e+00 5.049621811394785498e-01
4.358974358974359031e-01 0.000000000000000000e+00 4.923361284976414676e-01
4.358974358974359031e-01 4.363323129985823695e-02 4.905334177956972574e-01
4.358974358974359031e-01 8.726646259971647390e-02 4.860062635066784709e-01
4.358974358974359031e-01 1.308996938995747039e-01 4.802807752265573216e-01
4.358974358974359031e-01 1.745329251994329478e-01 4.743890391001701623e-01
4.358974358974359031e-01 2.181661564992911917e-01 4.688516915550640651e-01
4.358974358974359031e-01 2.617993877991494078e-01 4.639107617585342958e-01
4.358974358974359031e-01 3.054326190990076517e-01 4.596755493229396361e-01
4.358974358974359031e-01 3.490658503988658956e-01 4.561931283299487383e-01
4.358974358974359031e-01 3.926990816987241395e-01 4.534814773265152255e-01
4.358974358974359031e-01 4.363323129985823834e-01 4.515454686843313192e-01
4.358974358974359031e-01 4.799655442984406273e-01 4.503848345674121290e-01
4.358974358974359031e-01 5.235987755982988157e-01 4.499981737124165160e-01
4.358974358974359031e-01 5.672320068981571151e-01 4.503848345674121290e-01
4.358974358974359031e-01 6.108652381980153034e-01 4.515454686843313192e-01
4.358974358974359031e-01 6.544984694978736028e-01 4.534814773265152255e-01
4.358974358974359031e-01 6.981317007977317912e-01 4.561931283299487383e-01
4.358974358974359031e-01 7.417649320975899796e-01 4.596755493229396361e-01
4.358974358974359031e-01 7.853981633974482790e-01 4.639107617585344068e-01
4.358974358974359031e-01 8.290313946973064674e-01 4.688516915550640651e-01
4.358974358974359031e-01 8.726646259971647668e-01 4.743890391001701623e-01
4.358974358974359031e-01 9.162978572970229552e-01 4.802807752265573771e-01
4.358974358974359031e-01 9.599310885968812546e-01 4.860062635066784709e-01
4.358974358974359031e-01 1.003564319896739443e+00 4.905334177956972574e-01
4.358974358974359031e-01 1.047197551196597631e+00 4.923361284976415786e-01
4.871794871794872250e-01 0.000000000000000000e+00 4.777331157113939297e-01
4.871794871794872250e-01 4.363323129985823695e-02 4.759838745923355985e-01
4.871794871794872250e-01 8.726646259971647390e-02 4.715909986715721702e-01
4.871794871794872250e-01 1.308996938995747039e-01 4.660353321325799159e-01
4.871794871794872250e-01 1.745329251994329478e-01 4.603183487675823748e-01
4.871794871794872250e-01 2.181661564992911917e-01 4.549452425858915849e-01
4.871794871794872250e-01 2.617993877991494078e-01 4.501508640108106141e-01
4.871794871794872250e-01 3.054326190990076517e-01 4.460412707564411217e-01
4.871794871794872250e-01 3.490658503988658956e-01 4.426621406562858407e-01
4.871794871794872250e-01 3.926990816987241395e-01 4.400309190017928640e-01
4.871794871794872250e-01 4.363323129985823834e-01 4.381523336469114183e-01
4.871794871794872250e-01 4.799655442984406273e-01 4.370261246998476956e-01
4.871794871794872250e-01 5.235987755982988157e-01 4.366509324596512531e-01
4.871794871794872250e-01 5.672320068981571151e-01 4.370261246998476956e-01
4.871794871794872250e-01 6.108652381980153034e-01 4.381523336469114183e-01
4.871794871794872250e-01 6.544984694978736028e-01 4.400309190017928640e-01
4.871794871794872250e-01 6.981317007977317912e-01 4.426621406562858407e-01
4.871794871794872250e-01 7.417649320975899796e-01 4.460412707564411217e-01
4.871794871794872250e-01 7.853981633974482790e-01 4.501508640108107251e-01
4.871794871794872250e-01 8.290313946973064674e-01 4.549452425858915849e-01
4.871794871794872250e-01 8.726646259971647668e-01 4.603183487675823748e-01
4.871794871794872250e-01 9.162978572970229552e-01 4.660353321325800269e-01
4.871794871794872250e-01 9.599310885968812546e-01 4.715909986715721702e-01
4.871794871794872250e-01 1.003564319896739443e+00 4.759838745923355985e-01
4.871794871794872250e-01 1.047197551196597631e+00 4.777331157113940407e-01
5.384615384615383249e-01 0.000000000000000000e+00 4.609652954951701798e-01
5.384615384615383249e-01 4.363323129985823695e-02 4.592774504979936778e-01
5.384615384615383249e-01 8.726646259971647390e-02 4.550387588932198746e-01
5.384615384615383249e-01 1.308996938995747039e-01 4.496780891309705708e-01
5.384615384615383249e-01 1.745329251994329478e-01 4.441617645566048322e-01
5.384615384615383249e-01 2.181661564992911917e-01 4.389772475170402588e-01
5.384615384615383249e-01 2.617993877991494078e-01 4.343511454866483823e-01
5.384615384615383249e-01 3.054326190990076517e-01 4.303857936896634540e-01
5.384615384615383249e-01 3.490658503988658956e-01 4.271252667261616343e-01
5.384615384615383249e-01 3.926990816987241395e-01 4.245863975802149914e-01
5.384615384615383249e-01 4.363323129985823834e-01 4.227737481641569706e-01
5.384615384615383249e-01 4.799655442984406273e-01 4.216870677080628571e-01
5.384615384615383249e-01 5.235987755982988157e-01 4.213250442347432068e-01
5.384615384615383249e-01 5.672320068981571151e-01 4.216870677080628571e-01
5.384615384615383249e-01 6.108652381980153034e-01 4.227737481641569706e-01
5.384615384615383249e-01 6.544984694978736028e-01 4.245863975802149914e-01
5.384615384615383249e-01 6.981317007977317912e-01 4.271252667261616343e-01
5.384615384615383249e-01 7.417649320975899796e-01 4.303857936896634540e-01
5.384615384615383249e-01 7.853981633974482790e-01 4.343511454866484378e-01
5.384615384615383249e-01 8.290313946973064674e-01 4.389772475170402588e-01
5.384615384615383249e-01 8.726646259971647668e-01 4.441617645566048322e-01
5.384615384615383249e-01 9.162978572970229552e-01 4.496780891309706818e-01
5.384615384615383249e-01 9.599310885968812546e-01 4.550387588932198746e-01
5.384615384615383249e-01 1.003564319896739443e+00 4.592774504979936778e-01
5.384615384615383249e-01 1.047197551196597631e+00 4.609652954951702908e-01
5.897435897435896468e-01 0.000000000000000000e+00 4.417862433744924044e-01
5.897435897435896468e-01 4.363323129985823695e-02 4.401686233324021424e-01
5.897435897435896468e-01 8.726646259971647390e-02 4.361062879262530001e-01
5.897435897435896468e-01 1.308996938995747039e-01 4.309686557023535425e-01
5.897435897435896468e-01 1.745329251994329478e-01 4.256818448843600056e-01
5.897435897435896468e-01 2.181661564992911917e-01 4.207130363232732817e-01
5.897435897435896468e-01 2.617993877991494078e-01 4.162794091989611145e-01
5.897435897435896468e-01 3.054326190990076517e-01 4.124790409474500819e-01
5.897435897435896468e-01 3.490658503988658956e-01 4.093541723885722461e-01
5.897435897435896468e-01 3.926990816987241395e-01 4.069209361485157661e-01
5.897435897435896468e-01 4.363323129985823834e-01 4.051837043354027945e-01
5.897435897435896468e-01 4.799655442984406273e-01 4.041422366129127086e-01
5.897435897435896468e-01 5.235987755982988157e-01 4.037952755903492785e-01
5.897435897435896468e-01 5.672320068981571151e-01 4.041422366129127086e-01
5.897435897435896468e-01 6.108652381980153034e-01 4.051837043354027945e-01
5.897435897435896468e-01 6.544984694978736028e-01 4.069209361485157661e-01
5.897435897435896468e-01 6.981317007977317912e-01 4.093541723885722461e-01
5.897435897435896468e-01 7.417649320975899796e-01 4.124790409474500819e-01
5.897435897435896468e-01 7.853981633974482790e-01 4.162794091989612255e-01
5.897435897435896468e-01 8.290313946973064674e-01 4.207130363232732817e-01
5.897435897435896468e-01 8.726646259971647668e-01 4.256818448843600056e-01
5.897435897435896468e-01 9.162978572970229552e-01 4.309686557023535980e-01
5.897435897435896468e-01 9.599310885968812546e-01 4.361062879262530001e-01
5.897435897435896468e-01 1.003564319896739443e+00 4.401686233324021424e-01
5.897435897435896468e-01 1.047197551196597631e+00 4.417862433744925155e-01
6.410256410256409687e-01 0.000000000000000000e+00 4.198656611337802103e-01
6.410256410256409687e-01 4.363323129985823695e-02 4.183283042816344777e-01
6.410256410256409687e-01 8.726646259971647390e-02 4.144675341317497486e-01
6.410256410256409687e-01 1.308996938995747039e-01 4.095848213205198207e-01
6.410256410256409687e-01 1.745329251994329478e-01 4.045603318696239237e-01
6.410256410256409687e-01 2.181661564992911917e-01 3.998380660163175504e-01
6.410256410256409687e-01 2.617993877991494078e-01 3.956244269279858283e-01
6.410256410256409687e-01 3.054326190990076517e-01 3.920126256272379317e-01
6.410256410256409687e-01 3.490658503988658956e-01 3.890428070258080129e-01
6.410256410256409687e-01 3.926990816987241395e-01 3.867303032800543106e-01
6.410256410256409687e-01 4.363323129985823834e-01 3.850792695625172568e-01
6.410256410256409687e-01 4.799655442984406273e-01 3.840894774619015295e-01
6.410256410256409687e-01 5.235987755982988157e-01 3.837597319768145665e-01
6.410256410256409687e-01 5.672320068981571151e-01 3.840894774619015295e-01
6.410256410256409687e-01 6.108652381980153034e-01 3.850792695625172568e-01
6.410256410256409687e-01 6.544984694978736028e-01 3.867303032800543106e-01
6.410256410256409687e-01 6.981317007977317912e-01 3.890428070258080129e-01
6.410256410256409687e-01 7.417649320975899796e-01 3.920126256272379317e-01
6.410256410256409687e-01 7.853981633974482790e-01 3.956244269279859394e-01
6.410256410256409687e-01 8.290313946973064674e-01 3.998380660163175504e-01
6.410256410256409687e-01 8.726646259971647668e-01 4.045603318696239237e-01
6.410256410256409687e-01 9.162978572970229552e-01 4.095848213205198762e-01
6.410256410256409687e-01 9.599310885968812546e-01 4.144675341317497486e-01
6.410256410256409687e-01 1.003564319896739443e+00 4.183283042816344777e-01
6.410256410256409687e-01 1.047197551196597631e+00 4.198656611337802658e-01
6.923076923076922906e-01 0.000000000000000000e+00 3.947470954219038375e-01
6.923076923076922906e-01 4.363323129985823695e-02 3.933017113188725378e-01
6.923076923076922906e-01 8.726646259971647390e-02 3.896719126860355709e-01
6.923076923076922906e-01 1.308996938995747039e-01 3.850813093611349380e-01
6.923076923076922906e-01 1.745329251994329478e-01 3.803574112186593470e-01
6.923076923076922906e-01 2.181661564992911917e-01 3.759176560732420680e-01
6.923076923076922906e-01 2.617993877991494078e-01 3.719560989723741384e-01
6.923076923076922906e-01 3.054326190990076517e-01 3.685603745664742248e-01
6.923076923076922906e-01 3.490658503988658956e-01 3.657682260881282565e-01
6.923076923076922906e-01 3.926990816987241395e-01 3.635940684436961279e-01
6.923076923076922906e-01 4.363323129985823834e-01 3.620418082215063338e-01
6.923076923076922906e-01 4.799655442984406273e-01 3.611112306750250966e-01
6.923076923076922906e-01 5.235987755982988157e-01 3.608012122941099409e-01
6.923076923076922906e-01 5.672320068981571151e-01 3.611112306750250966e-01
6.923076923076922906e-01 6.108652381980153034e-01 3.620418082215063338e-01
6.923076923076922906e-01 6.544984694978736028e-01 3.635940684436961279e-01
6.923076923076922906e-01 6.981317007977317912e-01 3.657682260881282565e-01
6.923076923076922906e-01 7.417649320975899796e-01 3.685603745664742248e-01
6.923076923076922906e-01 7.853981633974482790e-01 3.719560989723741939e-01
6.923076923076922906e-01 8.290313946973064674e-01 3.759176560732420680e-01
6.923076923076922906e-01 8.726646259971647668e-01 3.803574112186593470e-01
6.923076923076922906e-01 9.162978572970229552e-01 3.850813093611349935e-01
6.923076923076922906e-01 9.599310885968812546e-01 3.896719126860355709e-01
6.923076923076922906e-01 1.003564319896739443e+00 3.933017113188725378e-01
6.923076923076922906e-01 1.047197551196597631e+00 3.947470954219038930e-01
7.435897435897436125e-01 0.000000000000000000e+00 3.657722962023181035e-01
7.435897435897436125e-01 4.363323129985823695e-02 3.644330046194502737e-01
7.435897435897436125e-01 8.726646259971647390e-02 3.610696365387661144e-01
7.435897435897436125e-01 1.308996938995747039e-01 3.568159877125264279e-01
7.435897435897436125e-01 1.745329251994329478e-01 3.524388280306992582e-01
7.435897435897436125e-01 2.181661564992911917e-01 3.483249549890757302e-01
7.435897435897436125e-01 2.617993877991494078e-01 3.446541798165001502e-01
7.435897435897436125e-01 3.054326190990076517e-01 3.415077046995932952e-01
7.435897435897436125e-01 3.490658503988658956e-01 3.389205024830175272e-01
7.435897435897436125e-01 3.926990816987241395e-01 3.369059300057715145e-01
7.435897435897436125e-01 4.363323129985823834e-01 3.354676071090139655e-01
7.435897435897436125e-01 4.799655442984406273e-01 3.346053348088036672e-01
7.435897435897436125e-01 5.235987755982988157e-01 3.343180720616742430e-01
7.435897435897436125e-01 5.672320068981571151e-01 3.346053348088036672e-01
7.435897435897436125e-01 6.108652381980153034e-01 3.354676071090139655e-01
7.435897435897436125e-01 6.544984694978736028e-01 3.369059300057715145e-01
7.435897435897436125e-01 6.981317007977317912e-01 3.389205024830175272e-01
7.435897435897436125e-01 7.417649320975899796e-01 3.415077046995932952e-01
7.435897435897436125e-01 7.853981633974482790e-01 3.446541798165002057e-01
7.435897435897436125e-01 8.290313946973064674e-01 3.483249549890757302e-01
7.435897435897436125e-01 8.726646259971647668e-01 3.524388280306992582e-01
7.435897435897436125e-01 9.162978572970229552e-01 3.568159877125265389e-01
7.435897435897436125e-01 9.599310885968812546e-01 3.610696365387661144e-01
7.435897435897436125e-01 1.003564319896739443e+00 3.644330046194502737e-01
7.435897435897436125e-01 1.047197551196597631e+00 3.657722962023181590e-01
7.948717948717947124e-01 0.000000000000000000e+00 3.319329501187951448e-01
7.948717948717947124e-01 4.363323129985823695e-02 3.307175628114834010e-01
7.948717948717947124e-01 8.726646259971647390e-02 3.276653560124770381e-01
7.948717948717947124e-01 1.308996938995747039e-01 3.238052326014844162e-01
7.948717948717947124e-01 1.745329251994329478e-01 3.198330249154044957e-01
7.948717948717947124e-01 2.181661564992911917e-01 3.160997459620827899e-01
7.948717948717947124e-01 2.617993877991494078e-01 3.127685717728219128e-01
7.948717948717947124e-01 3.054326190990076517e-01 3.099131921312413551e-01
7.948717948717947124e-01 3.490658503988658956e-01 3.075653443767277784e-01
7.948717948717947124e-01 3.926990816987241395e-01 3.057371496431645630e-01
7.948717948717947124e-01 4.363323129985823834e-01 3.044318928828765314e-01
7.948717948717947124e-01 4.799655442984406273e-01 3.036493935208794959e-01
7.948717948717947124e-01 5.235987755982988157e-01 3.033887068256215236e-01
7.948717948717947124e-01 5.672320068981571151e-01 3.036493935208794959e-01
7.948717948717947124e-01 6.108652381980153034e-01 3.044318928828765314e-01
7.948717948717947124e-01 6.544984694978736028e-01 3.057371496431645630e-01
7.948717948717947124e-01 6.981317007977317912e-01 3.075653443767277784e-01
7.948717948717947124e-01 7.417649320975899796e-01 3.099131921312413551e-01
7.948717948717947124e-01 7.853981633974482790e-01 3.127685717728219683e-01
7.948717948717947124e-01 8.290313946973064674e-01 3.160997459620827899e-01
7.948717948717947124e-01 8.726646259971647668e-01 3.198330249154044957e-01
7.948717948717947124e-01 9.162978572970229552e-01 3.238052326014844717e-01
7.948717948717947124e-01 9.599310885968812546e-01 3.276653560124770381e-01
7.948717948717947124e-01 1.003564319896739443e+00 3.307175628114834010e-01
7.948717948717947124e-01 1.047197551196597631e+00 3.319329501187952558e-01
8.461538461538460343e-01 0.000000000000000000e+00 2.915400512114584841e-01
8.461538461538460343e-01 4.363323129985823695e-02 2.904725643057788353e-01
8.461538461538460343e-01 8.726646259971647390e-02 2.877917803517549555e-01
8.461538461538460343e-01 1.308996938995747039e-01 2.844013951052147271e-01
8.461538461538460343e-01 1.745329251994329478e-01 2.809125651116637923e-01
8.461538461538460343e-01 2.181661564992911917e-01 2.776335886290683397e-01
8.461538461538460343e-01 2.617993877991494078e-01 2.747077848081947438e-01
8.461538461538460343e-01 3.054326190990076517e-01 2.721998761277319434e-01
8.461538461538460343e-01 3.490658503988658956e-01 2.701377378123203110e-01
8.461538461538460343e-01 3.926990816987241395e-01 2.685320159758566860e-01
8.461538461538460343e-01 4.363323129985823834e-01 2.673855958250331843e-01
8.461538461538460343e-01 4.799655442984406273e-01 2.666983187590236115e-01
8.461538461538460343e-01 5.235987755982988157e-01 2.664693550105965425e-01
8.461538461538460343e-01 5.672320068981571151e-01 2.666983187590236115e-01
8.461538461538460343e-01 6.108652381980153034e-01 2.673855958250331843e-01
8.461538461538460343e-01 6.544984694978736028e-01 2.685320159758566860e-01
8.461538461538460343e-01 6.981317007977317912e-01 2.701377378123203110e-01
8.461538461538460343e-01 7.417649320975899796e-01 2.721998761277319434e-01
8.461538461538460343e-01 7.853981633974482790e-01 2.747077848081947993e-01
8.461538461538460343e-01 8.290313946973064674e-01 2.776335886290683397e-01
8.461538461538460343e-01 8.726646259971647668e-01 2.809125651116637923e-01
8.461538461538460343e-01 9.162978572970229552e-01 2.844013951052147826e-01
8.461538461538460343e-01 9.599310885968812546e-01 2.877917803517549555e-01
8.461538461538460343e-01 1.003564319896739443e+00 2.904725643057788353e-01
8.461538461538460343e-01 1.047197551196597631e+00 2.915400512114585396e-01
8.974358974358973562e-01 0.000000000000000000e+00 2.413249405398383562e-01
8.974358974358973562e-01 4.363323129985823695e-02 2.404413185024211197e-01
8.974358974358973562e-01 8.726646259971647390e-02 2.382222750961491831e-01
8.974358974358973562e-01 1.308996938995747039e-01 2.354158527379565657e-01
8.974358974358973562e-01 1.745329251994329478e-01 2.325279418411562715e-01
8.974358974358973562e-01 2.181661564992911917e-01 2.298137391050116551e-01
8.974358974358973562e-01 2.617993877991494078e-01 2.273918782657562698e-01
8.974358974358973562e-01 3.054326190990076517e-01 2.253159339463493560e-01
8.974358974358973562e-01 3.490658503988658956e-01 2.236089801186205706e-01
8.974358974358973562e-01 3.926990816987241395e-01 2.222798292005978560e-01
8.974358974358973562e-01 4.363323129985823834e-01 2.213308694484762418e-01
8.974358974358973562e-01 4.799655442984406273e-01 2.207619695789730108e-01
8.974358974358973562e-01 5.235987755982988157e-01 2.205724427446827118e-01
8.974358974358973562e-01 5.672320068981571151e-01 2.207619695789730108e-01
8.974358974358973562e-01 6.108652381980153034e-01 2.213308694484762418e-01
8.974358974358973562e-01 6.544984694978736028e-01 2.222798292005978560e-01
8.974358974358973562e-01 6.981317007977317912e-01 2.236089801186205706e-01
8.974358974358973562e-01 7.417649320975899796e-01 2.253159339463493560e-01
8.974358974358973562e-01 7.853981633974482790e-01 2.273918782657562976e-01
8.974358974358973562e-01 8.290313946973064674e-01 2.298137391050116551e-01
8.974358974358973562e-01 8.726646259971647668e-01 2.325279418411562715e-01
8.974358974358973562e-01 9.162978572970229552e-01 2.354158527379565935e-01
8.974358974358973562e-01 9.599310885968812546e-01 2.382222750961491831e-01
8.974358974358973562e-01 1.003564319896739443e+00 2.404413185024211197e-01
8.974358974358973562e-01 1.047197551196597631e+00 2.413249405398384118e-01
9.487179487179486781e-01 0.000000000000000000e+00 1.729331077992198040e-01
9.487179487179486781e-01 4.363323129985823695e-02 1.722999055089442233e-01
9.487179487179486781e-01 8.726646259971647390e-02 1.707097421726162800e-01
9.487179487179486781e-01 1.308996938995747039e-01 1.686986639180695080e-01
9.487179487179486781e-01 1.745329251994329478e-01 1.666291910931152198e-01
9.487179487179486781e-01 2.181661564992911917e-01 1.646841972880462024e-01
9.487179487179486781e-01 2.617993877991494078e-01 1.629486952688484480e-01
9.487179487179486781e-01 3.054326190990076517e-01 1.614610765338345966e-01
9.487179487179486781e-01 3.490658503988658956e-01 1.602378758582700125e-01
9.487179487179486781e-01 3.926990816987241395e-01 1.592854082083301481e-01
9.487179487179486781e-01 4.363323129985823834e-01 1.586053850049941594e-01
9.487179487179486781e-01 4.799655442984406273e-01 1.581977121708491030e-01
9.487179487179486781e-01 5.235987755982988157e-01 1.580618975120249847e-01
9.487179487179486781e-01 5.672320068981571151e-01 1.581977121708491030e-01
9.487179487179486781e-01 6.108652381980153034e-01 1.586053850049941594e-01
9.487179487179486781e-01 6.544984694978736028e-01 1.592854082083301481e-01
9.487179487179486781e-01 6.981317007977317912e-01 1.602378758582700125e-01
9.487179487179486781e-01 7.417649320975899796e-01 1.614610765338345966e-01
9.487179487179486781e-01 7.853981633974482790e-01 1.629486952688485035e-01
9.487179487179486781e-01 8.290313946973064674e-01 1.646841972880462024e-01
9.487179487179486781e-01 8.726646259971647668e-01 1.666291910931152198e-01
9.487179487179486781e-01 9.162978572970229552e-01 1.686986639180695358e-01
9.487179487179486781e-01 9.599310885968812546e-01 1.707097421726162800e-01
9.487179487179486781e-01 1.003564319896739443e+00 1.722999055089442233e-01
9.487179487179486781e-01 1.047197551196597631e+00 1.729331077992198595e-01
1.000000000000000000e+00 0.000000000000000000e+00 0.000000000000000000e+00
1.000000000000000000e+00 4.363323129985823695e-02 0.000000000000000000e+00
1.000000000000000000e+00 8.726646259971647390e-02 0.000000000000000000e+00
1.000000000000000000e+00 1.308996938995747039e-01 0.000000000000000000e+00
1.000000000000000000e+00 1.745329251994329478e-01 0.000000000000000000e+00
1.000000000000000000e+00 2.181661564992911917e-01 0.000000000000000000e+00
1.000000000000000000e+00 2.617993877991494078e-01 0.000000000000000000e+00
1.000000000000000000e+00 3.054326190990076517e-01 0.000000000000000000e+00
1.000000000000000000e+00 3.490658503988658956e-01 0.000000000000000000e+00
1.000000000000000000e+00 3.926990816987241395e-01 0.000000000000000000e+00
1.000000000000000000e+00 4.363323129985823834e-01 0.000000000000000000e+00
1.000000000000000000e+00 4.799655442984406273e-01 0.000000000000000000e+00
1.000000000000000000e+00 5.235987755982988157e-01 0.000000000000000000e+00
1.000000000000000000e+00 5.672320068981571151e-01 0.000000000000000000e+00
1.000000000000000000e+00 6.108652381980153034e-01 0.000000000000000000e+00
1.000000000000000000e+00 6.544984694978736028e-01 0.000000000000000000e+00
1.000000000000000000e+00 6.981317007977317912e-01 0.000000000000000000e+00
1.000000000000000000e+00 7.417649320975899796e-01 0.000000000000000000e+00
1.000000000000000000e+00 7.853981633974482790e-01 0.000000000000000000e+00
1.000000000000000000e+00 8.290313946973064674e-01 0.000000000000000000e+00
1.000000000000000000e+00 8.726646259971647668e-01 0.000000000000000000e+00
1.000000000000000000e+00 9.162978572970229552e-01 0.000000000000000000e+00
1.000000000000000000e+00 9.599310885968812546e-01 0.000000000000000000e+00
1.000000000000000000e+00 1.003564319896739443e+00 0.000000000000000000e+00
1.000000000000000000e+00 1.047197551196597631e+00 0.000000000000000000e+00
