##alpha=1 ; m=2, M=2*ft/pc ==.5, pc=c=1 ; b=1,g=0.95
-1.000000000000000000e+00 0.000000000000000000e+00 0.000000000000000000e+00
-1.000000000000000000e+00 1.163552834662886226e-01 0.000000000000000000e+00
-1.000000000000000000e+00 2.327105669325772452e-01 0.000000000000000000e+00
-1.000000000000000000e+00 3.490658503988658401e-01 0.000000000000000000e+00
-1.000000000000000000e+00 4.654211338651544905e-01 0.000000000000000000e+00
-1.000000000000000000e+00 5.817764173314431408e-01 0.000000000000000000e+00
-1.000000000000000000e+00 6.981317007977316802e-01 0.000000000000000000e+00
-1.000000000000000000e+00 8.144869842640203306e-01 0.000000000000000000e+00
-1.000000000000000000e+00 9.308422677303089809e-01 0.000000000000000000e+00
-1.000000000000000000e+00 1.047197551196597631e+00 0.000000000000000000e+00
-9.166666666666666297e-01 0.000000000000000000e+00 1.093134586911908568e-01
-9.166666666666666297e-01 1.163552834662886226e-01 1.070730989072162520e-01
-9.166666666666666297e-01 2.327105669325772452e-01 1.037172096589068920e-01
-9.166666666666666297e-01 3.490658503988658401e-01 1.012886233660584834e-01
-9.166666666666666297e-01 4.654211338651544905e-01 1.000657972710490007e-01
-9.166666666666666297e-01 5.817764173314431408e-01 1.000657972710490007e-01
-9.166666666666666297e-01 6.981317007977316802e-01 1.012886233660584834e-01
-9.166666666666666297e-01 8.144869842640203306e-01 1.037172096589068920e-01
-9.166666666666666297e-01 9.308422677303089809e-01 1.070730989072162520e-01
-9.166666666666666297e-01 1.047197551196597631e+00 1.093134586911908845e-01
-8.333333333333333703e-01 0.000000000000000000e+00 1.511945218476990482e-01
-8.333333333333333703e-01 1.163552834662886226e-01 1.480958171652156097e-01
-8.333333333333333703e-01 2.327105669325772452e-01 1.434541922788844237e-01
-8.333333333333333703e-01 3.490658503988658401e-01 1.400951462134736036e-01
-8.333333333333333703e-01 4.654211338651544905e-01 1.384038210193806739e-01
-8.333333333333333703e-01 5.817764173314431408e-01 1.384038210193806739e-01
-8.333333333333333703e-01 6.981317007977316802e-01 1.400951462134736036e-01
-8.333333333333333703e-01 8.144869842640203306e-01 1.434541922788844237e-01
-8.333333333333333703e-01 9.308422677303089809e-01 1.480958171652156097e-01
-8.333333333333333703e-01 1.047197551196597631e+00 1.511945218476990760e-01
-7.500000000000000000e-01 0.000000000000000000e+00 1.809172561066826612e-01
-7.500000000000000000e-01 1.163552834662886226e-01 1.772093893017957222e-01
-7.500000000000000000e-01 2.327105669325772452e-01 1.716552857003608434e-01
-7.500000000000000000e-01 3.490658503988658401e-01 1.676358980276895505e-01
-7.500000000000000000e-01 4.654211338651544905e-01 1.656120818896443803e-01
-7.500000000000000000e-01 5.817764173314431408e-01 1.656120818896443803e-01
-7.500000000000000000e-01 6.981317007977316802e-01 1.676358980276895505e-01
-7.500000000000000000e-01 8.144869842640203306e-01 1.716552857003608434e-01
-7.500000000000000000e-01 9.308422677303089809e-01 1.772093893017957222e-01
-7.500000000000000000e-01 1.047197551196597631e+00 1.809172561066826890e-01
-6.666666666666667407e-01 0.000000000000000000e+00 2.038706516698286786e-01
-6.666666666666667407e-01 1.163552834662886226e-01 1.996923591283396027e-01
-6.666666666666667407e-01 2.327105669325772452e-01 1.934335934083986908e-01
-6.666666666666667407e-01 3.490658503988658401e-01 1.889042566177833726e-01
-6.666666666666667407e-01 4.654211338651544905e-01 1.866236741913072372e-01
-6.666666666666667407e-01 5.817764173314431408e-01 1.866236741913072372e-01
-6.666666666666667407e-01 6.981317007977316802e-01 1.889042566177833726e-01
-6.666666666666667407e-01 8.144869842640203306e-01 1.934335934083986908e-01
-6.666666666666667407e-01 9.308422677303089809e-01 1.996923591283396027e-01
-6.666666666666667407e-01 1.047197551196597631e+00 2.038706516698287341e-01
-5.833333333333333703e-01 0.000000000000000000e+00 2.221628920456412692e-01
-5.833333333333333703e-01 1.163552834662886226e-01 2.176097033094160915e-01
-5.833333333333333703e-01 2.327105669325772452e-01 2.107893714882863312e-01
-5.833333333333333703e-01 3.490658503988658401e-01 2.058536411503980867e-01
-5.833333333333333703e-01 4.654211338651544905e-01 2.033684340680420033e-01
-5.833333333333333703e-01 5.817764173314431408e-01 2.033684340680420033e-01
-5.833333333333333703e-01 6.981317007977316802e-01 2.058536411503980867e-01
-5.833333333333333703e-01 8.144869842640203306e-01 2.107893714882863312e-01
-5.833333333333333703e-01 9.308422677303089809e-01 2.176097033094160915e-01
-5.833333333333333703e-01 1.047197551196597631e+00 2.221628920456412970e-01
-5.000000000000000000e-01 0.000000000000000000e+00 2.368762916093099802e-01
-5.000000000000000000e-01 1.163552834662886226e-01 2.320215543806789793e-01
-5.000000000000000000e-01 2.327105669325772452e-01 2.247495257603354946e-01
-5.000000000000000000e-01 3.490658503988658401e-01 2.194869119725101902e-01
-5.000000000000000000e-01 4.654211338651544905e-01 2.168371146452915676e-01
-5.000000000000000000e-01 5.817764173314431408e-01 2.168371146452915676e-01
-5.000000000000000000e-01 6.981317007977316802e-01 2.194869119725101902e-01
-5.000000000000000000e-01 8.144869842640203306e-01 2.247495257603354946e-01
-5.000000000000000000e-01 9.308422677303089809e-01 2.320215543806789793e-01
-5.000000000000000000e-01 1.047197551196597631e+00 2.368762916093100079e-01
-4.166666666666667407e-01 0.000000000000000000e+00 2.486469854749247532e-01
-4.166666666666667407e-01 1.163552834662886226e-01 2.435510099808346485e-01
-4.166666666666667407e-01 2.327105669325772452e-01 2.359176247127214854e-01
-4.166666666666667407e-01 3.490658503988658401e-01 2.303935047378117551e-01
-4.166666666666667407e-01 4.654211338651544905e-01 2.276120355031484577e-01
-4.166666666666667407e-01 5.817764173314431408e-01 2.276120355031484577e-01
-4.166666666666667407e-01 6.981317007977316802e-01 2.303935047378117551e-01
-4.166666666666667407e-01 8.144869842640203306e-01 2.359176247127214854e-01
-4.166666666666667407e-01 9.308422677303089809e-01 2.435510099808346485e-01
-4.166666666666667407e-01 1.047197551196597631e+00 2.486469854749248087e-01
-3.333333333333333703e-01 0.000000000000000000e+00 2.578782429357874828e-01
-3.333333333333333703e-01 1.163552834662886226e-01 2.525930744711478160e-01
-3.333333333333333703e-01 2.327105669325772452e-01 2.446762924645891069e-01
-3.333333333333333703e-01 3.490658503988658401e-01 2.389470842452524890e-01
-3.333333333333333703e-01 4.654211338651544905e-01 2.360623503014852298e-01
-3.333333333333333703e-01 5.817764173314431408e-01 2.360623503014852298e-01
-3.333333333333333703e-01 6.981317007977316802e-01 2.389470842452524890e-01
-3.333333333333333703e-01 8.144869842640203306e-01 2.446762924645891069e-01
-3.333333333333333703e-01 9.308422677303089809e-01 2.525930744711478160e-01
-3.333333333333333703e-01 1.047197551196597631e+00 2.578782429357875383e-01
-2.500000000000000000e-01 0.000000000000000000e+00 2.648357451482400982e-01
-2.500000000000000000e-01 1.163552834662886226e-01 2.594079839201812177e-01
-2.500000000000000000e-01 2.327105669325772452e-01 2.512776087554751681e-01
-2.500000000000000000e-01 3.490658503988658401e-01 2.453938276710226352e-01
-2.500000000000000000e-01 4.654211338651544905e-01 2.424312641958935866e-01
-2.500000000000000000e-01 5.817764173314431408e-01 2.424312641958935866e-01
-2.500000000000000000e-01 6.981317007977316802e-01 2.453938276710226352e-01
-2.500000000000000000e-01 8.144869842640203306e-01 2.512776087554751681e-01
-2.500000000000000000e-01 9.308422677303089809e-01 2.594079839201812177e-01
-2.500000000000000000e-01 1.047197551196597631e+00 2.648357451482401537e-01
-1.666666666666667407e-01 0.000000000000000000e+00 2.696955219715209129e-01
-1.666666666666667407e-01 1.163552834662886226e-01 2.641681604866928379e-01
-1.666666666666667407e-01 2.327105669325772452e-01 2.558885916821029283e-01
-1.666666666666667407e-01 3.490658503988658401e-01 2.498968423060911603e-01
-1.666666666666667407e-01 4.654211338651544905e-01 2.468799153336710961e-01
-1.666666666666667407e-01 5.817764173314431408e-01 2.468799153336710961e-01
-1.666666666666667407e-01 6.981317007977316802e-01 2.498968423060911603e-01
-1.666666666666667407e-01 8.144869842640203306e-01 2.558885916821029283e-01
-1.666666666666667407e-01 9.308422677303089809e-01 2.641681604866928379e-01
-1.666666666666667407e-01 1.047197551196597631e+00 2.696955219715209684e-01
-8.333333333333337034e-02 0.000000000000000000e+00 2.725698005455696737e-01
-8.333333333333337034e-02 1.163552834662886226e-01 2.669835312354624790e-01
-8.333333333333337034e-02 2.327105669325772452e-01 2.586157229708940797e-01
-8.333333333333337034e-02 3.490658503988658401e-01 2.525601165581519703e-01
-8.333333333333337034e-02 4.654211338651544905e-01 2.495110367027588705e-01
-8.333333333333337034e-02 5.817764173314431408e-01 2.495110367027588705e-01
-8.333333333333337034e-02 6.981317007977316802e-01 2.525601165581519703e-01
-8.333333333333337034e-02 8.144869842640203306e-01 2.586157229708940797e-01
-8.333333333333337034e-02 9.308422677303089809e-01 2.669835312354624790e-01
-8.333333333333337034e-02 1.047197551196597631e+00 2.725698005455697293e-01
0.000000000000000000e+00 0.000000000000000000e+00 2.735211814505508210e-01
0.000000000000000000e+00 1.163552834662886226e-01 2.679154137589608298e-01
0.000000000000000000e+00 2.327105669325772452e-01 2.595183983959408747e-01
0.000000000000000000e+00 3.490658503988658401e-01 2.534416554218569262e-01
0.000000000000000000e+00 4.654211338651544905e-01 2.503819330215216743e-01
0.000000000000000000e+00 5.817764173314431408e-01 2.503819330215216743e-01
0.000000000000000000e+00 6.981317007977316802e-01 2.534416554218569262e-01
0.000000000000000000e+00 8.144869842640203306e-01 2.595183983959408747e-01
0.000000000000000000e+00 9.308422677303089809e-01 2.679154137589608298e-01
0.000000000000000000e+00 1.047197551196597631e+00 2.735211814505508765e-01
8.333333333333325932e-02 0.000000000000000000e+00 2.725698005455696737e-01
8.333333333333325932e-02 1.163552834662886226e-01 2.669835312354624790e-01
8.333333333333325932e-02 2.327105669325772452e-01 2.586157229708940797e-01
8.333333333333325932e-02 3.490658503988658401e-01 2.525601165581519703e-01
8.333333333333325932e-02 4.654211338651544905e-01 2.495110367027588705e-01
8.333333333333325932e-02 5.817764173314431408e-01 2.495110367027588705e-01
8.333333333333325932e-02 6.981317007977316802e-01 2.525601165581519703e-01
8.333333333333325932e-02 8.144869842640203306e-01 2.586157229708940797e-01
8.333333333333325932e-02 9.308422677303089809e-01 2.669835312354624790e-01
8.333333333333325932e-02 1.047197551196597631e+00 2.725698005455697293e-01
1.666666666666665186e-01 0.000000000000000000e+00 2.696955219715209129e-01
1.666666666666665186e-01 1.163552834662886226e-01 2.641681604866928379e-01
1.666666666666665186e-01 2.327105669325772452e-01 2.558885916821029283e-01
1.666666666666665186e-01 3.490658503988658401e-01 2.498968423060911603e-01
1.666666666666665186e-01 4.654211338651544905e-01 2.468799153336710961e-01
1.666666666666665186e-01 5.817764173314431408e-01 2.468799153336710961e-01
1.666666666666665186e-01 6.981317007977316802e-01 2.498968423060911603e-01
1.666666666666665186e-01 8.144869842640203306e-01 2.558885916821029283e-01
1.666666666666665186e-01 9.308422677303089809e-01 2.641681604866928379e-01
1.666666666666665186e-01 1.047197551196597631e+00 2.696955219715209684e-01
2.500000000000000000e-01 0.000000000000000000e+00 2.648357451482400982e-01
2.500000000000000000e-01 1.163552834662886226e-01 2.594079839201812177e-01
2.500000000000000000e-01 2.327105669325772452e-01 2.512776087554751681e-01
2.500000000000000000e-01 3.490658503988658401e-01 2.453938276710226352e-01
2.500000000000000000e-01 4.654211338651544905e-01 2.424312641958935866e-01
2.500000000000000000e-01 5.817764173314431408e-01 2.424312641958935866e-01
2.500000000000000000e-01 6.981317007977316802e-01 2.453938276710226352e-01
2.500000000000000000e-01 8.144869842640203306e-01 2.512776087554751681e-01
2.500000000000000000e-01 9.308422677303089809e-01 2.594079839201812177e-01
2.500000000000000000e-01 1.047197551196597631e+00 2.648357451482401537e-01
3.333333333333332593e-01 0.000000000000000000e+00 2.578782429357874828e-01
3.333333333333332593e-01 1.163552834662886226e-01 2.525930744711478160e-01
3.333333333333332593e-01 2.327105669325772452e-01 2.446762924645891069e-01
3.333333333333332593e-01 3.490658503988658401e-01 2.389470842452524890e-01
3.333333333333332593e-01 4.654211338651544905e-01 2.360623503014852298e-01
3.333333333333332593e-01 5.817764173314431408e-01 2.360623503014852298e-01
3.333333333333332593e-01 6.981317007977316802e-01 2.389470842452524890e-01
3.333333333333332593e-01 8.144869842640203306e-01 2.446762924645891069e-01
3.333333333333332593e-01 9.308422677303089809e-01 2.525930744711478160e-01
3.333333333333332593e-01 1.047197551196597631e+00 2.578782429357875383e-01
4.166666666666665186e-01 0.000000000000000000e+00 2.486469854749247532e-01
4.166666666666665186e-01 1.163552834662886226e-01 2.435510099808346485e-01
4.166666666666665186e-01 2.327105669325772452e-01 2.359176247127214854e-01
4.166666666666665186e-01 3.490658503988658401e-01 2.303935047378117551e-01
4.166666666666665186e-01 4.654211338651544905e-01 2.276120355031484577e-01
4.166666666666665186e-01 5.817764173314431408e-01 2.276120355031484577e-01
4.166666666666665186e-01 6.981317007977316802e-01 2.303935047378117551e-01
4.166666666666665186e-01 8.144869842640203306e-01 2.359176247127214854e-01
4.166666666666665186e-01 9.308422677303089809e-01 2.435510099808346485e-01
4.166666666666665186e-01 1.047197551196597631e+00 2.486469854749248087e-01
5.000000000000000000e-01 0.000000000000000000e+00 2.368762916093099802e-01
5.000000000000000000e-01 1.163552834662886226e-01 2.320215543806789793e-01
5.000000000000000000e-01 2.327105669325772452e-01 2.247495257603354946e-01
5.000000000000000000e-01 3.490658503988658401e-01 2.194869119725101902e-01
5.000000000000000000e-01 4.654211338651544905e-01 2.168371146452915676e-01
5.000000000000000000e-01 5.817764173314431408e-01 2.168371146452915676e-01
5.000000000000000000e-01 6.981317007977316802e-01 2.194869119725101902e-01
5.000000000000000000e-01 8.144869842640203306e-01 2.247495257603354946e-01
5.000000000000000000e-01 9.308422677303089809e-01 2.320215543806789793e-01
5.000000000000000000e-01 1.047197551196597631e+00 2.368762916093100079e-01
5.833333333333332593e-01 0.000000000000000000e+00 2.221628920456412970e-01
5.833333333333332593e-01 1.163552834662886226e-01 2.176097033094161193e-01
5.833333333333332593e-01 2.327105669325772452e-01 2.107893714882863589e-01
5.833333333333332593e-01 3.490658503988658401e-01 2.058536411503981145e-01
5.833333333333332593e-01 4.654211338651544905e-01 2.033684340680420310e-01
5.833333333333332593e-01 5.817764173314431408e-01 2.033684340680420310e-01
5.833333333333332593e-01 6.981317007977316802e-01 2.058536411503981145e-01
5.833333333333332593e-01 8.144869842640203306e-01 2.107893714882863589e-01
5.833333333333332593e-01 9.308422677303089809e-01 2.176097033094161193e-01
5.833333333333332593e-01 1.047197551196597631e+00 2.221628920456413248e-01
6.666666666666665186e-01 0.000000000000000000e+00 2.038706516698287619e-01
6.666666666666665186e-01 1.163552834662886226e-01 1.996923591283396582e-01
6.666666666666665186e-01 2.327105669325772452e-01 1.934335934083987463e-01
6.666666666666665186e-01 3.490658503988658401e-01 1.889042566177834281e-01
6.666666666666665186e-01 4.654211338651544905e-01 1.866236741913072927e-01
6.666666666666665186e-01 5.817764173314431408e-01 1.866236741913072927e-01
6.666666666666665186e-01 6.981317007977316802e-01 1.889042566177834281e-01
6.666666666666665186e-01 8.144869842640203306e-01 1.934335934083987463e-01
6.666666666666665186e-01 9.308422677303089809e-01 1.996923591283396582e-01
6.666666666666665186e-01 1.047197551196597631e+00 2.038706516698287896e-01
7.500000000000000000e-01 0.000000000000000000e+00 1.809172561066826612e-01
7.500000000000000000e-01 1.163552834662886226e-01 1.772093893017957222e-01
7.500000000000000000e-01 2.327105669325772452e-01 1.716552857003608434e-01
7.500000000000000000e-01 3.490658503988658401e-01 1.676358980276895505e-01
7.500000000000000000e-01 4.654211338651544905e-01 1.656120818896443803e-01
7.500000000000000000e-01 5.817764173314431408e-01 1.656120818896443803e-01
7.500000000000000000e-01 6.981317007977316802e-01 1.676358980276895505e-01
7.500000000000000000e-01 8.144869842640203306e-01 1.716552857003608434e-01
7.500000000000000000e-01 9.308422677303089809e-01 1.772093893017957222e-01
7.500000000000000000e-01 1.047197551196597631e+00 1.809172561066826890e-01
8.333333333333332593e-01 0.000000000000000000e+00 1.511945218476991037e-01
8.333333333333332593e-01 1.163552834662886226e-01 1.480958171652156652e-01
8.333333333333332593e-01 2.327105669325772452e-01 1.434541922788844792e-01
8.333333333333332593e-01 3.490658503988658401e-01 1.400951462134736591e-01
8.333333333333332593e-01 4.654211338651544905e-01 1.384038210193807295e-01
8.333333333333332593e-01 5.817764173314431408e-01 1.384038210193807295e-01
8.333333333333332593e-01 6.981317007977316802e-01 1.400951462134736591e-01
8.333333333333332593e-01 8.144869842640203306e-01 1.434541922788844792e-01
8.333333333333332593e-01 9.308422677303089809e-01 1.480958171652156652e-01
8.333333333333332593e-01 1.047197551196597631e+00 1.511945218476991593e-01
9.166666666666665186e-01 0.000000000000000000e+00 1.093134586911908568e-01
9.166666666666665186e-01 1.163552834662886226e-01 1.070730989072162520e-01
9.166666666666665186e-01 2.327105669325772452e-01 1.037172096589068920e-01
9.166666666666665186e-01 3.490658503988658401e-01 1.012886233660584834e-01
9.166666666666665186e-01 4.654211338651544905e-01 1.000657972710490007e-01
9.166666666666665186e-01 5.817764173314431408e-01 1.000657972710490007e-01
9.166666666666665186e-01 6.981317007977316802e-01 1.012886233660584834e-01
9.166666666666665186e-01 8.144869842640203306e-01 1.037172096589068920e-01
9.166666666666665186e-01 9.308422677303089809e-01 1.070730989072162520e-01
9.166666666666665186e-01 1.047197551196597631e+00 1.093134586911908845e-01
1.000000000000000000e+00 0.000000000000000000e+00 0.000000000000000000e+00
1.000000000000000000e+00 1.163552834662886226e-01 0.000000000000000000e+00
1.000000000000000000e+00 2.327105669325772452e-01 0.000000000000000000e+00
1.000000000000000000e+00 3.490658503988658401e-01 0.000000000000000000e+00
1.000000000000000000e+00 4.654211338651544905e-01 0.000000000000000000e+00
1.000000000000000000e+00 5.817764173314431408e-01 0.000000000000000000e+00
1.000000000000000000e+00 6.981317007977316802e-01 0.000000000000000000e+00
1.000000000000000000e+00 8.144869842640203306e-01 0.000000000000000000e+00
1.000000000000000000e+00 9.308422677303089809e-01 0.000000000000000000e+00
1.000000000000000000e+00 1.047197551196597631e+00 0.000000000000000000e+00
